4.000000000000000000e+03 6.624798180000000256e-06
4.020000000000000000e+03 5.177898179999999761e-06
4.040000000000000000e+03 7.032479999999999455e-06
4.060000000000000000e+03 1.108015817999999973e-05
4.080000000000000000e+03 1.776137999999999765e-05
4.100000000000000000e+03 1.229956181999999909e-05
4.120000000000000000e+03 3.374279999999999904e-06
4.140000000000000000e+03 3.563561820000000059e-06
4.160000000000000000e+03 3.629081820000000238e-06
4.180000000000000000e+03 3.842021819999999761e-06
4.200000000000000000e+03 2.620800000000000386e-06
4.220000000000000000e+03 7.443781800000000675e-07
4.240000000000000000e+03 7.043400000000000191e-07
4.260000000000000000e+03 1.543361820000000114e-06
4.280000000000000000e+03 3.931200000000000156e-07
4.300000000000000000e+03 2.730000000000000226e-07
4.320000000000000000e+03 5.441801820000000181e-07
4.340000000000000000e+03 5.769401820000001288e-06
4.360000000000000000e+03 3.672761819999999793e-06
4.380000000000000000e+03 6.843198179999998877e-06
4.400000000000000000e+03 1.245061818000000016e-05
4.420000000000000000e+03 5.914981799999999320e-07
4.440000000000000000e+03 2.802798179999999940e-07
4.460000000000000000e+03 9.973618199999999633e-07
4.480000000000000000e+03 2.620800000000000280e-07
4.500000000000000000e+03 1.663481819999999737e-06
4.520000000000000000e+03 1.167166181999999956e-05
4.540000000000000000e+03 3.516239999999999728e-06
4.560000000000000000e+03 1.210300181999999770e-05
4.580000000000000000e+03 1.466064600000000038e-04
4.600000000000000000e+03 1.918098000000000012e-05
4.620000000000000000e+03 8.057141819999999140e-06
4.640000000000000000e+03 4.633721819999999313e-06
4.660000000000000000e+03 1.545180000000000129e-06
4.680000000000000000e+03 4.737461819999999950e-06
4.700000000000000000e+03 1.983798180000000137e-06
4.720000000000000000e+03 5.438159999999999616e-06
4.740000000000000000e+03 6.097018199999999980e-07
4.760000000000000000e+03 4.495398180000000684e-07
4.780000000000000000e+03 1.092000000000000090e-06
4.800000000000000000e+03 6.060599999999999623e-07
4.820000000000000000e+03 1.268538180000000018e-06
4.840000000000000000e+03 5.660218200000000198e-07
4.860000000000000000e+03 1.000998179999999992e-06
4.880000000000000000e+03 1.439621819999999901e-06
4.900000000000000000e+03 5.514599999999999895e-07
4.920000000000000000e+03 2.498861819999999902e-06
4.940000000000000000e+03 4.076801819999999803e-07
4.960000000000000000e+03 6.320861820000000748e-06
4.980000000000000000e+03 8.681399999999998315e-07
5.000000000000000000e+03 4.167798179999999788e-07
5.020000000000000000e+03 5.278001819999999601e-08
5.040000000000000000e+03 8.190000000000001207e-08
5.060000000000000000e+03 1.346801820000000107e-07
5.080000000000000000e+03 7.644000000000000156e-08
5.100000000000000000e+03 1.368641819999999778e-06
5.120000000000000000e+03 3.221399999999999451e-07
5.140000000000000000e+03 1.223040000000000025e-06
5.160000000000000000e+03 7.698600000000000923e-07
5.180000000000000000e+03 1.394118180000000008e-06
5.200000000000000000e+03 6.606600000000000409e-07
5.220000000000000000e+03 6.497400000000000463e-07
5.240000000000000000e+03 9.245581799999999246e-07
5.260000000000000000e+03 1.315859999999999926e-06
5.280000000000000000e+03 1.572480000000000062e-06
5.300000000000000000e+03 2.584398180000000049e-07
5.320000000000000000e+03 2.365998180000000158e-07
5.340000000000000000e+03 4.768398180000000548e-07
5.360000000000000000e+03 1.237601820000000161e-07
5.380000000000000000e+03 3.203201820000000239e-07
5.400000000000000000e+03 7.607581800000000063e-07
5.420000000000000000e+03 5.223401820000000290e-07
5.440000000000000000e+03 7.152600000000001195e-07
5.460000000000000000e+03 7.079818200000000548e-07
5.480000000000000000e+03 5.824018200000000645e-07
5.500000000000000000e+03 7.352818199999999883e-07
5.520000000000000000e+03 5.223401820000000290e-07
5.540000000000000000e+03 9.227399999999999101e-07
5.560000000000000000e+03 7.844218200000000167e-07
5.580000000000000000e+03 1.068341819999999875e-06
5.600000000000000000e+03 3.607241820000000037e-06
5.620000000000000000e+03 2.837926182000000372e-05
5.640000000000000000e+03 5.623799999999999841e-07
5.660000000000000000e+03 1.172081820000000088e-06
5.680000000000000000e+03 2.491578180000000043e-06
5.700000000000000000e+03 1.273998179999999909e-07
5.720000000000000000e+03 6.224400000000001129e-07
5.740000000000000000e+03 1.692599999999999949e-07
5.760000000000000000e+03 5.856761819999999550e-06
5.780000000000000000e+03 1.005004182000000000e-05
5.800000000000000000e+03 2.730000000000000120e-06
5.820000000000000000e+03 2.406403817999999949e-05
5.840000000000000000e+03 3.389749817999999665e-05
5.860000000000000000e+03 3.500151181799999816e-04
5.880000000000000000e+03 9.363900000000000251e-06
5.900000000000000000e+03 1.156792181999999977e-05
5.920000000000000000e+03 2.685773999999999809e-05
5.940000000000000000e+03 3.449446181999999897e-05
5.960000000000000000e+03 1.696240182000000068e-05
5.980000000000000000e+03 3.439981818000000170e-05
6.000000000000000000e+03 1.193028181800000052e-04
6.020000000000000000e+03 3.086374200000000087e-04
6.040000000000000000e+03 6.430606182000001014e-05
6.060000000000000000e+03 2.095002000000000241e-05
6.080000000000000000e+03 3.213391818000000023e-05
6.100000000000000000e+03 7.129667999999999650e-05
6.120000000000000000e+03 3.849299999999999890e-05
6.140000000000000000e+03 4.815174000000000461e-05
6.160000000000000000e+03 5.441801820000000181e-07
6.180000000000000000e+03 1.756481999999999965e-05
6.200000000000000000e+03 6.120295817999999864e-05
6.220000000000000000e+03 6.705426000000000333e-05
6.240000000000000000e+03 3.941392182000000218e-05
6.260000000000000000e+03 1.965945781799999931e-04
6.280000000000000000e+03 1.233505018199999859e-04
6.300000000000000000e+03 1.580020259999999951e-03
6.320000000000000000e+03 7.525698180000000389e-06
6.340000000000000000e+03 2.416961819999999890e-06
6.360000000000000000e+03 6.593861819999998812e-06
6.380000000000000000e+03 2.668848000000000032e-04
6.400000000000000000e+03 4.196428618200000399e-04
6.420000000000000000e+03 1.088815018199999995e-04
6.440000000000000000e+03 7.329685981799999653e-04
6.460000000000000000e+03 3.425021581799999769e-04
6.480000000000000000e+03 1.707176381819999799e-03
6.500000000000000000e+03 5.449553218199999728e-04
6.520000000000000000e+03 8.383465817999998730e-05
6.540000000000000000e+03 2.808059818199999951e-04
6.560000000000000000e+03 4.425876000000000788e-05
6.580000000000000000e+03 3.382834181999999390e-05
6.600000000000000000e+03 7.436884181999999649e-05
6.620000000000000000e+03 6.676360618200000629e-04
6.640000000000000000e+03 7.736546999999999435e-04
6.660000000000000000e+03 9.020830181999999679e-05
6.680000000000000000e+03 6.735710818199999728e-04
6.700000000000000000e+03 6.138605218200000055e-04
6.720000000000000000e+03 2.820909000000000133e-04
6.740000000000000000e+03 4.964705218199999114e-04
6.760000000000000000e+03 2.628316618200000530e-04
6.780000000000000000e+03 2.832666181799999819e-04
6.800000000000000000e+03 8.387215199999999366e-04
6.820000000000000000e+03 2.307559800000000369e-04
6.840000000000000000e+03 2.505029818200000245e-04
6.860000000000000000e+03 8.061362399999999571e-04
6.880000000000000000e+03 1.798633200000000179e-04
6.900000000000000000e+03 3.945086581800000421e-04
6.920000000000000000e+03 1.283767938179999945e-03
6.940000000000000000e+03 1.302031638180000100e-03
6.960000000000000000e+03 1.232809758179999977e-03
6.980000000000000000e+03 1.839415758180000179e-03
7.000000000000000000e+03 2.011979058179999991e-03
7.020000000000000000e+03 2.355070901819999660e-03
7.040000000000000000e+03 3.114833538179999708e-03
7.060000000000000000e+03 2.043190241820000072e-03
7.080000000000000000e+03 2.649712518179999591e-03
7.100000000000000000e+03 3.385351061820000059e-03
7.120000000000000000e+03 2.071818839999999690e-03
7.140000000000000000e+03 2.101637718180000228e-03
7.160000000000000000e+03 2.224809858180000054e-03
7.180000000000000000e+03 9.640630981799999666e-04
7.200000000000000000e+03 7.620194399999999325e-04
7.220000000000000000e+03 2.217285978179999936e-03
7.240000000000000000e+03 7.681601218199998792e-04
7.260000000000000000e+03 1.079505701820000036e-03
7.280000000000000000e+03 9.221466781799999950e-04
7.300000000000000000e+03 3.715147800000000080e-04
7.320000000000000000e+03 3.392279818199999721e-04
7.340000000000000000e+03 1.220382781800000035e-04
7.360000000000000000e+03 3.130436400000000357e-04
7.380000000000000000e+03 5.205181800000000187e-04
7.400000000000000000e+03 9.818226599999999981e-04
7.420000000000000000e+03 7.978789018199999904e-04
7.440000000000000000e+03 8.060233981799999354e-04
7.460000000000000000e+03 1.251865158179999923e-03
7.480000000000000000e+03 5.890302599999999809e-04
7.500000000000000000e+03 7.535582581799999324e-04
7.520000000000000000e+03 1.199996981820000133e-03
7.540000000000000000e+03 3.687338218200000134e-04
7.560000000000000000e+03 6.589291799999999781e-04
7.580000000000000000e+03 8.867531399999999814e-04
7.600000000000000000e+03 3.164543218199999865e-04
7.620000000000000000e+03 6.399593218199999597e-04
7.640000000000000000e+03 1.725194381820000086e-03
7.660000000000000000e+03 1.040898041820000324e-03
7.680000000000000000e+03 1.002008279999999944e-03
7.700000000000000000e+03 1.405331201819999846e-03
7.720000000000000000e+03 1.261800539999999781e-03
7.740000000000000000e+03 9.854662981799999517e-04
7.760000000000000000e+03 1.399161401819999911e-03
7.780000000000000000e+03 1.812082998180000043e-03
7.800000000000000000e+03 1.269473658179999997e-03
7.820000000000000000e+03 6.672829799999999319e-04
7.840000000000000000e+03 1.365840840000000006e-03
7.860000000000000000e+03 8.513941799999999319e-04
7.880000000000000000e+03 5.257688818199999668e-04
7.900000000000000000e+03 1.292063501820000029e-03
7.920000000000000000e+03 9.147793200000000268e-04
7.940000000000000000e+03 4.546796818200000241e-04
7.960000000000000000e+03 1.124887398180000019e-03
7.980000000000000000e+03 5.203398181799999671e-04
8.000000000000000000e+03 2.031611399999999981e-04
8.020000000000000000e+03 4.962339181800000257e-04
8.040000000000000000e+03 3.900023400000000211e-04
8.060000000000000000e+03 5.979427981799999205e-04
8.080000000000000000e+03 1.923567101819999856e-03
8.100000000000000000e+03 1.614896921819999887e-03
8.120000000000000000e+03 1.534989821820000131e-03
8.140000000000000000e+03 2.264049059999999943e-03
8.160000000000000000e+03 2.774604558180000010e-03
8.180000000000000000e+03 2.662494378179999961e-03
8.200000000000000000e+03 3.438489600000000073e-03
8.220000000000000000e+03 3.696944160000000413e-03
8.240000000000000000e+03 3.950344578180000135e-03
8.260000000000000000e+03 4.654036661820000129e-03
8.280000000000000000e+03 4.490671638180000064e-03
8.300000000000000000e+03 3.979187940000000062e-03
8.320000000000000000e+03 4.033840721819999947e-03
8.340000000000000000e+03 4.579549518180000243e-03
8.360000000000000000e+03 4.277515061819999603e-03
8.380000000000000000e+03 3.747758561820000150e-03
8.400000000000000000e+03 3.483776658180000145e-03
8.420000000000000000e+03 3.293355521819999951e-03
8.440000000000000000e+03 2.752624421819999893e-03
8.460000000000000000e+03 2.549412318180000175e-03
8.480000000000000000e+03 3.042215538179999720e-03
8.500000000000000000e+03 2.580756359999999885e-03
8.520000000000000000e+03 2.306779020000000041e-03
8.540000000000000000e+03 2.197544441819999916e-03
8.560000000000000000e+03 6.248181941819998947e-03
8.580000000000000000e+03 8.054238918180000803e-03
8.600000000000000000e+03 1.232507821818000157e-02
8.620000000000000000e+03 1.930377358181999820e-02
8.640000000000000000e+03 2.977932958181999518e-02
8.660000000000000000e+03 4.474110913817999635e-02
8.680000000000000000e+03 6.506720220000000721e-02
8.700000000000000000e+03 9.082585877819999987e-02
8.720000000000000000e+03 1.221027389399999830e-01
8.740000000000000000e+03 1.576933485581999972e-01
8.760000000000000000e+03 1.951016540381999842e-01
8.780000000000000000e+03 2.325811669818000083e-01
8.800000000000000000e+03 2.682857286017999998e-01
8.820000000000000000e+03 3.009700002581999767e-01
8.840000000000000000e+03 3.298992842417999838e-01
8.860000000000000000e+03 3.542713028400000241e-01
8.880000000000000000e+03 3.740926407582000346e-01
8.900000000000000000e+03 3.887293828781999694e-01
8.920000000000000000e+03 3.983861172018000052e-01
8.940000000000000000e+03 4.044747561581999995e-01
8.960000000000000000e+03 4.083742644618000295e-01
8.980000000000000000e+03 4.104661087799999497e-01
9.000000000000000000e+03 4.117948543800000194e-01
9.020000000000000000e+03 4.123912174200000114e-01
9.040000000000000000e+03 4.144011799199999180e-01
9.060000000000000000e+03 4.159256155782000697e-01
9.080000000000000000e+03 4.169629300199999555e-01
9.100000000000000000e+03 4.179180751200000099e-01
9.120000000000000000e+03 4.180888311600000629e-01
9.140000000000000000e+03 4.201234000781999267e-01
9.160000000000000000e+03 4.227098639399999858e-01
9.180000000000000000e+03 4.245205637399999676e-01
9.200000000000000000e+03 4.262115639599999839e-01
9.220000000000000000e+03 4.283778244199999974e-01
9.240000000000000000e+03 4.299902934600000060e-01
9.260000000000000000e+03 4.313900991581999800e-01
9.280000000000000000e+03 4.320576915018000674e-01
9.300000000000000000e+03 4.316837943600000393e-01
9.320000000000000000e+03 4.310909202600000101e-01
9.340000000000000000e+03 4.305112447817999177e-01
9.360000000000000000e+03 4.303239649799999733e-01
9.380000000000000000e+03 4.312498226399999468e-01
9.400000000000000000e+03 4.329878098182000090e-01
9.420000000000000000e+03 4.356601358382000133e-01
9.440000000000000000e+03 4.388840601600000335e-01
9.460000000000000000e+03 4.418659536018000322e-01
9.480000000000000000e+03 4.442186621418000025e-01
9.500000000000000000e+03 4.454478100800000062e-01
9.520000000000000000e+03 4.452945114617999356e-01
9.540000000000000000e+03 4.446600358199999103e-01
9.560000000000000000e+03 4.434946970999999460e-01
9.580000000000000000e+03 4.423589861417999702e-01
9.600000000000000000e+03 4.417297502982000523e-01
9.620000000000000000e+03 4.421600765400000022e-01
9.640000000000000000e+03 4.436685198581999945e-01
9.660000000000000000e+03 4.460429318981999902e-01
9.680000000000000000e+03 4.486170834599999546e-01
9.700000000000000000e+03 4.511469781182000927e-01
9.720000000000000000e+03 4.532078696418000430e-01
9.740000000000000000e+03 4.544483998781999601e-01
9.760000000000000000e+03 4.572171786000000515e-01
9.780000000000000000e+03 4.599552120618000117e-01
9.800000000000000000e+03 4.619626102182000649e-01
9.820000000000000000e+03 4.630394204981999606e-01
9.840000000000000000e+03 4.634056408800000249e-01
9.860000000000000000e+03 4.635188194182000010e-01
9.880000000000000000e+03 4.639642771217999950e-01
9.900000000000000000e+03 4.647753073781999977e-01
9.920000000000000000e+03 4.660620291600000020e-01
9.940000000000000000e+03 4.677672599417999622e-01
9.960000000000000000e+03 4.697257674017999429e-01
9.980000000000000000e+03 4.714817507399999275e-01
1.000000000000000000e+04 4.727372122199999804e-01
1.002000000000000000e+04 4.737087245982000705e-01
1.004000000000000000e+04 4.744517140817999801e-01
1.006000000000000000e+04 4.749201839382000689e-01
1.008000000000000000e+04 4.752987511818000388e-01
1.010000000000000000e+04 4.755717694181999522e-01
1.012000000000000000e+04 4.760899252200000431e-01
1.014000000000000000e+04 4.767975575999999771e-01
1.016000000000000000e+04 4.774016956799999045e-01
1.018000000000000000e+04 4.778819481618000187e-01
1.020000000000000000e+04 4.782104509181999696e-01
1.022000000000000000e+04 4.779598642182000257e-01
1.024000000000000000e+04 4.768251597018000054e-01
1.026000000000000000e+04 4.751476329600000104e-01
1.028000000000000000e+04 4.732545508781999533e-01
1.030000000000000000e+04 4.712598272381998687e-01
1.032000000000000000e+04 4.700989347600000312e-01
1.034000000000000000e+04 4.703963973618000005e-01
1.036000000000000000e+04 4.723467130199999753e-01
1.038000000000000000e+04 4.753722318617999432e-01
1.040000000000000000e+04 4.785905451600001026e-01
1.042000000000000000e+04 4.813790872800000620e-01
1.044000000000000000e+04 4.830098910000000800e-01
1.046000000000000000e+04 4.834448364017999711e-01
1.048000000000000000e+04 4.830424344017999472e-01
1.050000000000000000e+04 4.821910129218000551e-01
1.052000000000000000e+04 4.814375820617998736e-01
1.054000000000000000e+04 4.808547088800000369e-01
1.056000000000000000e+04 4.799244941399999909e-01
1.058000000000000000e+04 4.790991223199999594e-01
1.060000000000000000e+04 4.783054239599999202e-01
1.062000000000000000e+04 4.776690919182000061e-01
1.064000000000000000e+04 4.771114147799999650e-01
1.066000000000000000e+04 4.766551062000000671e-01
1.068000000000000000e+04 4.763820607181999400e-01
1.070000000000000000e+04 4.762411799417999858e-01
1.072000000000000000e+04 4.764460446018000117e-01
1.074000000000000000e+04 4.768182036618000552e-01
1.076000000000000000e+04 4.771503245418000083e-01
1.078000000000000000e+04 4.773552656417999196e-01
1.080000000000000000e+04 4.797494192399999191e-01
1.082000000000000000e+04 4.820695898382000300e-01
1.084000000000000000e+04 4.842834869417999566e-01
1.086000000000000000e+04 4.857988935618000048e-01
1.088000000000000000e+04 4.867996569617999980e-01
1.090000000000000000e+04 4.872887291999999926e-01
1.092000000000000000e+04 4.873661956799999473e-01
1.094000000000000000e+04 4.872963732000000214e-01
1.096000000000000000e+04 4.869112648218000272e-01
1.098000000000000000e+04 4.867639030799999489e-01
1.100000000000000000e+04 4.864317621617999521e-01
1.102000000000000000e+04 4.863746815199999629e-01
1.104000000000000000e+04 4.860752933399999920e-01
1.106000000000000000e+04 4.855547442018000592e-01
1.108000000000000000e+04 4.844913582599999491e-01
1.110000000000000000e+04 4.831577132382000039e-01
1.112000000000000000e+04 4.817653040381999485e-01
1.114000000000000000e+04 4.809687191400000006e-01
1.116000000000000000e+04 4.808192771381999964e-01
1.118000000000000000e+04 4.813954108781999253e-01
1.120000000000000000e+04 4.823131968017999593e-01
1.122000000000000000e+04 4.832004013200000281e-01
1.124000000000000000e+04 4.836029653181999621e-01
1.126000000000000000e+04 4.833850312199999277e-01
1.128000000000000000e+04 4.823874728399999978e-01
1.130000000000000000e+04 4.815215732417999495e-01
1.132000000000000000e+04 4.805052998382000617e-01
1.134000000000000000e+04 4.794144009018000419e-01
1.136000000000000000e+04 4.782329479200000399e-01
1.138000000000000000e+04 4.773011716199999088e-01
1.140000000000000000e+04 4.764040918182000373e-01
1.142000000000000000e+04 4.756007492418000138e-01
1.144000000000000000e+04 4.748584549799999555e-01
1.146000000000000000e+04 4.743675682199999244e-01
1.148000000000000000e+04 4.740216936000000159e-01
1.150000000000000000e+04 4.736599340382000589e-01
1.152000000000000000e+04 4.730485796400000775e-01
1.154000000000000000e+04 4.723934269781999151e-01
1.156000000000000000e+04 4.717855560600000553e-01
1.158000000000000000e+04 4.712247703799999909e-01
1.160000000000000000e+04 4.709245304400000443e-01
1.162000000000000000e+04 4.711886542818000678e-01
1.164000000000000000e+04 4.719545539800000244e-01
1.166000000000000000e+04 4.731914696418000332e-01
1.168000000000000000e+04 4.746432891018000921e-01
1.170000000000000000e+04 4.760985702017999643e-01
1.172000000000000000e+04 4.772073760818000276e-01
1.174000000000000000e+04 4.778140676399999509e-01
1.176000000000000000e+04 4.777049004000000210e-01
1.178000000000000000e+04 4.767688107000001008e-01
1.180000000000000000e+04 4.754107230600000400e-01
1.182000000000000000e+04 4.736797629017999722e-01
1.184000000000000000e+04 4.735446898181999709e-01
1.186000000000000000e+04 4.731909509418000814e-01
1.188000000000000000e+04 4.730835891600000398e-01
1.190000000000000000e+04 4.724467675199999772e-01
1.192000000000000000e+04 4.715540356799999278e-01
1.194000000000000000e+04 4.703763992382000159e-01
1.196000000000000000e+04 4.691934465582000002e-01
1.198000000000000000e+04 4.680756680418000082e-01
1.200000000000000000e+04 4.670423794217999358e-01
1.202000000000000000e+04 4.664994588617999982e-01
1.204000000000000000e+04 4.662272032782000530e-01
1.206000000000000000e+04 4.662314383818000896e-01
1.208000000000000000e+04 4.665460144799999931e-01
1.210000000000000000e+04 4.668598570818000559e-01
1.212000000000000000e+04 4.671062596200000194e-01
1.214000000000000000e+04 4.672844084999999148e-01
1.216000000000000000e+04 4.672576945217999933e-01
1.218000000000000000e+04 4.671082306799999584e-01
1.220000000000000000e+04 4.666427092781999519e-01
1.222000000000000000e+04 4.662034941018000644e-01
1.224000000000000000e+04 4.657570353618000203e-01
1.226000000000000000e+04 4.649983465217999989e-01
1.228000000000000000e+04 4.641856291800000034e-01
1.230000000000000000e+04 4.632264910182000150e-01
1.232000000000000000e+04 4.620910803599999617e-01
1.234000000000000000e+04 4.610268590382000653e-01
1.236000000000000000e+04 4.608335914181999060e-01
1.238000000000000000e+04 4.606691725817999017e-01
1.240000000000000000e+04 4.604722012799999376e-01
1.242000000000000000e+04 4.604136864600000267e-01
1.244000000000000000e+04 4.608293362218001121e-01
1.246000000000000000e+04 4.612614879600000495e-01
1.248000000000000000e+04 4.616222629199999150e-01
1.250000000000000000e+04 4.617451584018000266e-01
1.252000000000000000e+04 4.616674207782000550e-01
1.254000000000000000e+04 4.613007817781999975e-01
1.256000000000000000e+04 4.607302827581999938e-01
1.258000000000000000e+04 4.601213307600000024e-01
1.260000000000000000e+04 4.594398172181999307e-01
1.262000000000000000e+04 4.587422912981999334e-01
1.264000000000000000e+04 4.579112865599999638e-01
1.266000000000000000e+04 4.570873234199999691e-01
1.268000000000000000e+04 4.562514665982000395e-01
1.270000000000000000e+04 4.554278019017999890e-01
1.272000000000000000e+04 4.546311223818000347e-01
1.274000000000000000e+04 4.537812078617999290e-01
1.276000000000000000e+04 4.528861792182000134e-01
1.278000000000000000e+04 4.517324884800000273e-01
1.280000000000000000e+04 4.503102949800000254e-01
1.282000000000000000e+04 4.499520207000000105e-01
1.284000000000000000e+04 4.496398433982000120e-01
1.286000000000000000e+04 4.489308514782000548e-01
1.288000000000000000e+04 4.485072100781999915e-01
1.290000000000000000e+04 4.486538565600000084e-01
1.292000000000000000e+04 4.486049549981999673e-01
1.294000000000000000e+04 4.484773092618000723e-01
1.296000000000000000e+04 4.483625309982000040e-01
1.298000000000000000e+04 4.481838943218000026e-01
1.300000000000000000e+04 4.478595284981999880e-01
1.302000000000000000e+04 4.475154447581999873e-01
1.304000000000000000e+04 4.470275191199999942e-01
1.306000000000000000e+04 4.463578974581999814e-01
1.308000000000000000e+04 4.456394014800000303e-01
1.310000000000000000e+04 4.448810183999999945e-01
1.312000000000000000e+04 4.438435146599999936e-01
1.314000000000000000e+04 4.424559502818000145e-01
1.316000000000000000e+04 4.407181287599999386e-01
1.318000000000000000e+04 4.388171023781999303e-01
1.320000000000000000e+04 4.369104539982000546e-01
1.322000000000000000e+04 4.350367676381999837e-01
1.324000000000000000e+04 4.333060622982000676e-01
1.326000000000000000e+04 4.318574241618000076e-01
1.328000000000000000e+04 4.305867930000000232e-01
1.330000000000000000e+04 4.295569823999999537e-01
1.332000000000000000e+04 4.289155725581999534e-01
1.334000000000000000e+04 4.298172715199999883e-01
1.336000000000000000e+04 4.300760336418000263e-01
1.338000000000000000e+04 4.297778394000000279e-01
1.340000000000000000e+04 4.289176054799999638e-01
1.342000000000000000e+04 4.284437466582000087e-01
1.344000000000000000e+04 4.272003408581999673e-01
1.346000000000000000e+04 4.249769432999999652e-01
1.348000000000000000e+04 4.211058415200000238e-01
1.350000000000000000e+04 4.153940245181999558e-01
1.352000000000000000e+04 4.074879062982000311e-01
1.354000000000000000e+04 3.967043043599999819e-01
1.356000000000000000e+04 3.813101110181999487e-01
1.358000000000000000e+04 3.614403483600000522e-01
1.360000000000000000e+04 3.389501679018000480e-01
1.362000000000000000e+04 3.060198232182000377e-01
1.364000000000000000e+04 2.699243128218000165e-01
1.366000000000000000e+04 2.305036460999999870e-01
1.368000000000000000e+04 1.907408885382000097e-01
1.370000000000000000e+04 1.530640165781999851e-01
1.372000000000000000e+04 1.174644543618000025e-01
1.374000000000000000e+04 8.827484483999999132e-02
1.376000000000000000e+04 6.360370745819998728e-02
1.378000000000000000e+04 4.350021130181999651e-02
1.380000000000000000e+04 2.792054902182000004e-02
1.382000000000000000e+04 1.640972059818000123e-02
1.384000000000000000e+04 9.203112101819999752e-03
1.386000000000000000e+04 4.805260458179999583e-03
1.388000000000000000e+04 2.355283841819999675e-03
1.390000000000000000e+04 1.134187601820000127e-03
1.392000000000000000e+04 1.022403181799999902e-04
1.394000000000000000e+04 6.359261999999999966e-05
1.396000000000000000e+04 4.063877999999999989e-05
1.398000000000000000e+04 2.833740000000000079e-05
1.400000000000000000e+04 2.011645818000000162e-05
1.402000000000000000e+04 1.490580000000000050e-05
1.404000000000000000e+04 1.181362181999999981e-05
1.406000000000000000e+04 9.753378179999998854e-06
1.408000000000000000e+04 8.559461819999999101e-06
1.410000000000000000e+04 7.660380000000000677e-06
1.412000000000000000e+04 7.563918180000000000e-06
1.414000000000000000e+04 8.251878179999999762e-06
1.416000000000000000e+04 1.033031999999999972e-05
1.418000000000000000e+04 1.501681817999999940e-05
1.420000000000000000e+04 2.456635818000000115e-05
1.422000000000000000e+04 3.730999817999999828e-05
1.424000000000000000e+04 4.291924181999999185e-05
1.426000000000000000e+04 3.719897999999999938e-05
1.428000000000000000e+04 2.608788000000000000e-05
1.430000000000000000e+04 2.078440182000000237e-05
1.432000000000000000e+04 2.223857999999999944e-05
1.434000000000000000e+04 3.130945817999999763e-05
1.436000000000000000e+04 4.242055818000000039e-05
1.438000000000000000e+04 4.470283817999999576e-05
1.440000000000000000e+04 3.724265999999999894e-05
1.442000000000000000e+04 3.015011999999999586e-05
1.444000000000000000e+04 3.138226181999999851e-05
1.446000000000000000e+04 4.164706182000000228e-05
1.448000000000000000e+04 5.221943999999999956e-05
1.450000000000000000e+04 5.666933999999999231e-05
1.452000000000000000e+04 5.604144000000001142e-05
1.454000000000000000e+04 4.964778000000000799e-05
1.456000000000000000e+04 3.732456000000000234e-05
1.458000000000000000e+04 2.492489999999999916e-05
1.460000000000000000e+04 1.957045818000000041e-05
1.462000000000000000e+04 2.141411999999999683e-05
1.464000000000000000e+04 2.888704182000000108e-05
1.466000000000000000e+04 3.922282182000000328e-05
1.468000000000000000e+04 4.043857817999999942e-05
1.470000000000000000e+04 3.157336182000000419e-05
1.472000000000000000e+04 2.394574182000000148e-05
1.474000000000000000e+04 2.533075818000000013e-05
1.476000000000000000e+04 3.360084000000000134e-05
1.478000000000000000e+04 3.861493818000000277e-05
1.480000000000000000e+04 3.204655818000000112e-05
1.482000000000000000e+04 2.088085818000000061e-05
1.484000000000000000e+04 1.312402182000000000e-05
1.486000000000000000e+04 1.138409999999999829e-05
1.488000000000000000e+04 1.603602000000000169e-05
1.490000000000000000e+04 2.755843817999999775e-05
1.492000000000000000e+04 3.674033999999999389e-05
1.494000000000000000e+04 3.337333818000000200e-05
1.496000000000000000e+04 2.082079818000000037e-05
1.498000000000000000e+04 1.175173818000000050e-05
1.500000000000000000e+04 9.904440000000000669e-06
1.502000000000000000e+04 1.429973999999999906e-05
1.504000000000000000e+04 2.593318182000000155e-05
1.506000000000000000e+04 3.758299818000000058e-05
1.508000000000000000e+04 3.612335999999999764e-05
1.510000000000000000e+04 2.429335817999999885e-05
1.512000000000000000e+04 1.599415818000000215e-05
1.514000000000000000e+04 1.976338181999999838e-05
1.516000000000000000e+04 3.182998182000000581e-05
1.518000000000000000e+04 3.941573999999999881e-05
1.520000000000000000e+04 3.192097818000000494e-05
1.522000000000000000e+04 1.856399999999999709e-05
1.524000000000000000e+04 9.873498179999999324e-06
1.526000000000000000e+04 7.281821819999998574e-06
1.528000000000000000e+04 7.083438179999998122e-06
1.530000000000000000e+04 8.222759999999999179e-06
1.532000000000000000e+04 1.013011818000000094e-05
1.534000000000000000e+04 1.203929999999999839e-05
1.536000000000000000e+04 1.328053818000000016e-05
1.538000000000000000e+04 1.305485999999999989e-05
1.540000000000000000e+04 1.214303999999999818e-05
1.542000000000000000e+04 1.154062182000000090e-05
1.544000000000000000e+04 1.214850000000000066e-05
1.546000000000000000e+04 1.401946182000000273e-05
1.548000000000000000e+04 1.609608000000000192e-05
1.550000000000000000e+04 1.817815817999999682e-05
1.552000000000000000e+04 1.928107817999999743e-05
1.554000000000000000e+04 2.019107999999999914e-05
1.556000000000000000e+04 2.272633817999999704e-05
1.558000000000000000e+04 2.860312182000000059e-05
1.560000000000000000e+04 3.905173817999999832e-05
1.562000000000000000e+04 5.060692181999999479e-05
1.564000000000000000e+04 5.289101999999999356e-05
1.566000000000000000e+04 4.645732181999999644e-05
1.568000000000000000e+04 3.448354182000000078e-05
1.570000000000000000e+04 2.592407999999999659e-05
1.572000000000000000e+04 2.495766000000000052e-05
1.574000000000000000e+04 3.048499818000000518e-05
1.576000000000000000e+04 4.133038182000000721e-05
1.578000000000000000e+04 5.029024181999999972e-05
1.580000000000000000e+04 4.980066000000000305e-05
1.582000000000000000e+04 4.019287818000000278e-05
1.584000000000000000e+04 3.242512181999999889e-05
1.586000000000000000e+04 3.548272181999999482e-05
1.588000000000000000e+04 4.700514000000000444e-05
1.590000000000000000e+04 5.836012182000000045e-05
1.592000000000000000e+04 5.558461817999998901e-05
1.594000000000000000e+04 4.223674182000000644e-05
1.596000000000000000e+04 2.619889818000000229e-05
1.598000000000000000e+04 1.623439817999999970e-05
1.600000000000000000e+04 1.192828181999999948e-05
1.602000000000000000e+04 1.014286181999999821e-05
1.604000000000000000e+04 9.666018179999999745e-06
1.606000000000000000e+04 1.042132181999999960e-05
1.608000000000000000e+04 1.221766182000000246e-05
1.610000000000000000e+04 1.505686181999999893e-05
1.612000000000000000e+04 1.971605999999999974e-05
1.614000000000000000e+04 2.612063999999999798e-05
1.616000000000000000e+04 3.328962000000000197e-05
1.618000000000000000e+04 4.014191999999999733e-05
1.620000000000000000e+04 4.599322181999999524e-05
1.622000000000000000e+04 4.934566181999999664e-05
1.624000000000000000e+04 5.305481999999999359e-05
1.626000000000000000e+04 5.812897817999999525e-05
1.628000000000000000e+04 6.599320182000000565e-05
1.630000000000000000e+04 7.691683818000000954e-05
1.632000000000000000e+04 8.823905999999999742e-05
1.634000000000000000e+04 1.007879581800000067e-04
1.636000000000000000e+04 1.124996581799999847e-04
1.638000000000000000e+04 1.249284418199999994e-04
1.640000000000000000e+04 1.327926599999999769e-04
1.642000000000000000e+04 1.358830199999999742e-04
1.644000000000000000e+04 1.310909581800000180e-04
1.646000000000000000e+04 1.234851781799999981e-04
1.648000000000000000e+04 1.123376818200000143e-04
1.650000000000000000e+04 1.053652618199999981e-04
1.652000000000000000e+04 1.006077781799999925e-04
1.654000000000000000e+04 9.824905818000001653e-05
1.656000000000000000e+04 9.632896182000000470e-05
1.658000000000000000e+04 9.259432181999999872e-05
1.660000000000000000e+04 8.724715817999998215e-05
1.662000000000000000e+04 8.163973817999999104e-05
1.664000000000000000e+04 7.430332181999999377e-05
1.666000000000000000e+04 6.609694181999999866e-05
1.668000000000000000e+04 5.673485999999999503e-05
1.670000000000000000e+04 4.642456182000000186e-05
1.672000000000000000e+04 3.729361817999999760e-05
1.674000000000000000e+04 2.908177818000000001e-05
1.676000000000000000e+04 2.251339818000000175e-05
1.678000000000000000e+04 1.743559818000000100e-05
1.680000000000000000e+04 1.389205818000000071e-05
1.682000000000000000e+04 1.096368000000000003e-05
1.684000000000000000e+04 9.107280000000000326e-06
1.686000000000000000e+04 7.552998179999999264e-06
1.688000000000000000e+04 6.384558180000000165e-06
1.690000000000000000e+04 5.498220000000000697e-06
1.692000000000000000e+04 4.859399999999999587e-06
1.694000000000000000e+04 4.333421819999999834e-06
1.696000000000000000e+04 4.067700000000000035e-06
1.698000000000000000e+04 3.889338180000000192e-06
1.700000000000000000e+04 3.781961819999999950e-06
1.702000000000000000e+04 3.945761820000000398e-06
1.704000000000000000e+04 3.934841820000000509e-06
1.706000000000000000e+04 4.519061820000000482e-06
1.708000000000000000e+04 5.143319999999999233e-06
1.710000000000000000e+04 6.238961819999999042e-06
1.712000000000000000e+04 7.878780000000001839e-06
1.714000000000000000e+04 1.087267818000000015e-05
1.716000000000000000e+04 1.547545817999999981e-05
1.718000000000000000e+04 2.193281999999999578e-05
1.720000000000000000e+04 2.934568181999999640e-05
1.722000000000000000e+04 3.675490182000000472e-05
1.724000000000000000e+04 4.157062181999999459e-05
1.726000000000000000e+04 4.244422181999999924e-05
1.728000000000000000e+04 4.068973817999999178e-05
1.730000000000000000e+04 3.850027817999999801e-05
1.732000000000000000e+04 3.945396000000000265e-05
1.734000000000000000e+04 4.323773999999999711e-05
1.736000000000000000e+04 5.009550000000000174e-05
1.738000000000000000e+04 5.857487999999999237e-05
1.740000000000000000e+04 6.665932182000001071e-05
1.742000000000000000e+04 7.175531999999998844e-05
1.744000000000000000e+04 7.422505818000000395e-05
1.746000000000000000e+04 7.703695817999999646e-05
1.748000000000000000e+04 7.788325818000000223e-05
1.750000000000000000e+04 7.897343999999999447e-05
1.752000000000000000e+04 7.622887818000000809e-05
1.754000000000000000e+04 7.373002182000000385e-05
1.756000000000000000e+04 7.179535817999999569e-05
1.758000000000000000e+04 6.829732181999999740e-05
1.760000000000000000e+04 6.751835999999999775e-05
1.762000000000000000e+04 6.535801817999999271e-05
1.764000000000000000e+04 6.400030181999999293e-05
1.766000000000000000e+04 5.900075999999998972e-05
1.768000000000000000e+04 5.564467818000000279e-05
1.770000000000000000e+04 5.237596182000000048e-05
1.772000000000000000e+04 5.110560000000000076e-05
1.774000000000000000e+04 5.273086181999999940e-05
1.776000000000000000e+04 5.281276181999999602e-05
1.778000000000000000e+04 5.023564181999999519e-05
1.780000000000000000e+04 4.298657999999999798e-05
1.782000000000000000e+04 3.402307818000000638e-05
1.784000000000000000e+04 2.560921817999999814e-05
1.786000000000000000e+04 1.843477817999999844e-05
1.788000000000000000e+04 1.369913999999999840e-05
1.790000000000000000e+04 1.058512181999999963e-05
1.792000000000000000e+04 9.194640000000001129e-06
1.794000000000000000e+04 8.160881820000000624e-06
1.796000000000000000e+04 7.813259999999999119e-06
1.798000000000000000e+04 7.676759999999999663e-06
1.800000000000000000e+04 8.242781819999998942e-06
1.802000000000000000e+04 6.550181820000000104e-06
1.804000000000000000e+04 1.094911818000000106e-05
1.806000000000000000e+04 1.079441999999999922e-05
1.808000000000000000e+04 1.067248182000000043e-05
1.810000000000000000e+04 1.882789818000000121e-05
1.812000000000000000e+04 1.408133999999999959e-05
1.814000000000000000e+04 1.764853817999999968e-05
1.816000000000000000e+04 2.635541999999999982e-05
1.818000000000000000e+04 2.361450000000000235e-05
1.820000000000000000e+04 2.407859999999999677e-05
1.822000000000000000e+04 3.109105817999999985e-05
1.824000000000000000e+04 3.280914000000000009e-05
1.826000000000000000e+04 3.608149818000000149e-05
1.828000000000000000e+04 3.494035818000000381e-05
1.830000000000000000e+04 4.765852182000000114e-05
1.832000000000000000e+04 5.690958000000000681e-05
1.834000000000000000e+04 5.957405999999999997e-05
1.836000000000000000e+04 6.101368181999998865e-05
1.838000000000000000e+04 6.678307818000000444e-05
1.840000000000000000e+04 7.421231999999999558e-05
1.842000000000000000e+04 6.309394182000000047e-05
1.844000000000000000e+04 7.540259999999999530e-05
1.846000000000000000e+04 8.764938000000000004e-05
1.848000000000000000e+04 5.844202181999999708e-05
1.850000000000000000e+04 7.796334000000000901e-05
1.852000000000000000e+04 4.550182181999999517e-05
1.854000000000000000e+04 7.900620000000000938e-05
1.856000000000000000e+04 8.994804000000000287e-05
1.858000000000000000e+04 6.503224182000000189e-05
1.860000000000000000e+04 4.763485818000000229e-05
1.862000000000000000e+04 6.679582182000000509e-05
1.864000000000000000e+04 6.347977818000000508e-05
1.866000000000000000e+04 6.716710181999999791e-05
1.868000000000000000e+04 6.154693818000000615e-05
1.870000000000000000e+04 8.412222000000000720e-05
1.872000000000000000e+04 3.818542181999999861e-05
1.874000000000000000e+04 6.444438000000000792e-05
1.876000000000000000e+04 5.824727999999999910e-05
1.878000000000000000e+04 3.930108000000000760e-05
1.880000000000000000e+04 3.664205999999999659e-05
1.882000000000000000e+04 3.545723999999999935e-05
1.884000000000000000e+04 2.986984182000000123e-05
1.886000000000000000e+04 1.391754000000000126e-05
1.888000000000000000e+04 1.718261999999999847e-05
1.890000000000000000e+04 2.349802182000000096e-05
1.892000000000000000e+04 4.368000000000000361e-06
1.894000000000000000e+04 4.930380000000000557e-06
1.896000000000000000e+04 8.535798180000001950e-06
1.898000000000000000e+04 4.113198179999999604e-06
1.900000000000000000e+04 0.000000000000000000e+00
1.902000000000000000e+04 1.371187818000000000e-05
1.904000000000000000e+04 0.000000000000000000e+00
1.906000000000000000e+04 8.863398180000000304e-06
1.908000000000000000e+04 2.478840000000000139e-05
1.910000000000000000e+04 2.211845999999999897e-05
1.912000000000000000e+04 3.585217817999999875e-05
1.914000000000000000e+04 2.198742000000000030e-05
1.916000000000000000e+04 2.682862181999999920e-05
1.918000000000000000e+04 3.105648000000000187e-05
1.920000000000000000e+04 4.198193999999999467e-05
1.922000000000000000e+04 2.657746182000000006e-05
1.924000000000000000e+04 2.956771817999999760e-05
1.926000000000000000e+04 2.884518000000000154e-05
1.928000000000000000e+04 4.768217999999999415e-05
1.930000000000000000e+04 4.708522181999999766e-05
1.932000000000000000e+04 3.397393817999999757e-05
1.934000000000000000e+04 3.445805999999999853e-05
1.936000000000000000e+04 3.274907999999999308e-05
1.938000000000000000e+04 3.098185817999999758e-05
1.940000000000000000e+04 3.204473999999999772e-05
1.942000000000000000e+04 3.445259999999999604e-05
1.944000000000000000e+04 3.684772181999999277e-05
1.946000000000000000e+04 3.663113999999999840e-05
1.948000000000000000e+04 3.800887817999999794e-05
1.950000000000000000e+04 2.555280000000000038e-05
1.952000000000000000e+04 2.218033817999999583e-05
1.954000000000000000e+04 1.301118000000000034e-05
1.956000000000000000e+04 2.051503818000000010e-05
1.958000000000000000e+04 1.486576182000000003e-05
1.960000000000000000e+04 2.120117999999999816e-05
1.962000000000000000e+04 9.971778180000001710e-06
1.964000000000000000e+04 1.092364181999999956e-05
1.966000000000000000e+04 9.666018179999999745e-06
1.968000000000000000e+04 4.539078179999999497e-06
1.970000000000000000e+04 8.189999999999999513e-06
1.972000000000000000e+04 8.357441820000000314e-06
1.974000000000000000e+04 1.072889999999999989e-05
1.976000000000000000e+04 8.894339999999999956e-06
1.978000000000000000e+04 9.329321820000000570e-06
1.980000000000000000e+04 1.798888182000000038e-05
1.982000000000000000e+04 2.100280182000000014e-05
1.984000000000000000e+04 2.398396181999999855e-05
1.986000000000000000e+04 5.009550000000000174e-05
1.988000000000000000e+04 5.564650182000000525e-05
1.990000000000000000e+04 9.532613999999999801e-05
1.992000000000000000e+04 1.191117181799999995e-04
1.994000000000000000e+04 1.815995999999999951e-04
1.996000000000000000e+04 2.071796999999999842e-04
1.998000000000000000e+04 2.551803781799999904e-04
2.000000000000000000e+04 2.518133818200000247e-04
2.002000000000000000e+04 3.811917181799999704e-04
2.004000000000000000e+04 3.407640599999999962e-04
2.006000000000000000e+04 3.758627581799999840e-04
2.008000000000000000e+04 4.490158381799998905e-04
2.010000000000000000e+04 4.102898818200000379e-04
2.012000000000000000e+04 4.859745781800000448e-04
2.014000000000000000e+04 5.465787600000000367e-04
2.016000000000000000e+04 5.662311181799999050e-04
2.018000000000000000e+04 5.163139800000000022e-04
2.020000000000000000e+04 4.351874818200000415e-04
2.022000000000000000e+04 5.580283799999999090e-04
2.024000000000000000e+04 6.010913999999999147e-04
2.026000000000000000e+04 7.238321999999999508e-04
2.028000000000000000e+04 5.870100599999999828e-04
2.030000000000000000e+04 6.518184418200000455e-04
2.032000000000000000e+04 7.104133381799999708e-04
2.034000000000000000e+04 6.858305999999999994e-04
2.036000000000000000e+04 7.001012218200000419e-04
2.038000000000000000e+04 8.023124218199999486e-04
2.040000000000000000e+04 7.913269018199999352e-04
2.042000000000000000e+04 7.945410181799999940e-04
2.044000000000000000e+04 6.975313799999999318e-04
2.046000000000000000e+04 7.495269599999999921e-04
2.048000000000000000e+04 6.600393781799999710e-04
2.050000000000000000e+04 6.853282799999998792e-04
2.052000000000000000e+04 7.405052218200001111e-04
2.054000000000000000e+04 8.041087618199998718e-04
2.056000000000000000e+04 8.600500981800000529e-04
2.058000000000000000e+04 8.434553400000000586e-04
2.060000000000000000e+04 9.973636381799999735e-04
2.062000000000000000e+04 1.117035918180000077e-03
2.064000000000000000e+04 9.254390581800000029e-04
2.066000000000000000e+04 9.562935181799998722e-04
2.068000000000000000e+04 1.380218838180000129e-03
2.070000000000000000e+04 1.193404938179999956e-03
2.072000000000000000e+04 1.234868178180000128e-03
2.074000000000000000e+04 1.303281978180000208e-03
2.076000000000000000e+04 1.611557219999999995e-03
2.078000000000000000e+04 1.935493560000000083e-03
2.080000000000000000e+04 1.690024698179999965e-03
2.082000000000000000e+04 2.044759080000000274e-03
2.084000000000000000e+04 1.638325781819999737e-03
2.086000000000000000e+04 2.422250741819999883e-03
2.088000000000000000e+04 1.976325258180000079e-03
2.090000000000000000e+04 2.053158378180000142e-03
2.092000000000000000e+04 2.246105681820000175e-03
2.094000000000000000e+04 2.526554940000000447e-03
2.096000000000000000e+04 2.188289741820000339e-03
2.098000000000000000e+04 2.168027681819999653e-03
2.100000000000000000e+04 2.661855558179999481e-03
2.102000000000000000e+04 2.513545578179999813e-03
2.104000000000000000e+04 2.899775058179999716e-03
2.106000000000000000e+04 2.780810759999999878e-03
2.108000000000000000e+04 2.742931098179999822e-03
2.110000000000000000e+04 1.996507241820000018e-03
2.112000000000000000e+04 3.075960161820000087e-03
2.114000000000000000e+04 2.705693898179999893e-03
2.116000000000000000e+04 3.277355898180000018e-03
2.118000000000000000e+04 2.596843338179999783e-03
2.120000000000000000e+04 2.565854201819999739e-03
2.122000000000000000e+04 3.144319361820000196e-03
2.124000000000000000e+04 1.493324561820000111e-03
2.126000000000000000e+04 3.432299778180000240e-03
2.128000000000000000e+04 2.255549658179999573e-03
2.130000000000000000e+04 3.552463458179999645e-03
2.132000000000000000e+04 2.867794019999999819e-03
2.134000000000000000e+04 3.551320500000000342e-03
2.136000000000000000e+04 3.340961261820000073e-03
2.138000000000000000e+04 3.495906959999999647e-03
2.140000000000000000e+04 3.180218861820000194e-03
2.142000000000000000e+04 3.461432520000000054e-03
2.144000000000000000e+04 1.552834919999999692e-03
2.146000000000000000e+04 3.099021378180000317e-03
2.148000000000000000e+04 3.237228539999999991e-03
2.150000000000000000e+04 2.952882659999999521e-03
2.152000000000000000e+04 2.747089800000000141e-03
2.154000000000000000e+04 3.494511018180000098e-03
2.156000000000000000e+04 2.666230841819999895e-03
2.158000000000000000e+04 2.129802221819999952e-03
2.160000000000000000e+04 2.580588918180000326e-03
2.162000000000000000e+04 2.359788341819999639e-03
2.164000000000000000e+04 1.794696540000000149e-03
2.166000000000000000e+04 2.954850078180000419e-03
2.168000000000000000e+04 2.205637980000000296e-03
2.170000000000000000e+04 1.702187759999999970e-03
2.172000000000000000e+04 1.972605180000000253e-03
2.174000000000000000e+04 1.595634041820000008e-03
2.176000000000000000e+04 1.872541578180000107e-03
2.178000000000000000e+04 2.449712718180000002e-03
2.180000000000000000e+04 2.133675179999999956e-03
2.182000000000000000e+04 2.044076579999999990e-03
2.184000000000000000e+04 1.503065201819999992e-03
2.186000000000000000e+04 2.051072658179999789e-03
2.188000000000000000e+04 1.926981420000000193e-03
2.190000000000000000e+04 1.255430538180000001e-03
2.192000000000000000e+04 2.026526321820000184e-03
2.194000000000000000e+04 1.536140058179999955e-03
2.196000000000000000e+04 2.489008338180000082e-03
2.198000000000000000e+04 1.742506218179999894e-03
2.200000000000000000e+04 2.159217059999999928e-03
2.202000000000000000e+04 2.376505038180000071e-03
2.204000000000000000e+04 1.694520101820000055e-03
2.206000000000000000e+04 1.575461160000000234e-03
2.208000000000000000e+04 1.431482778180000019e-03
2.210000000000000000e+04 1.790334000000000196e-03
2.212000000000000000e+04 1.455195558180000324e-03
2.214000000000000000e+04 1.467158418180000267e-03
2.216000000000000000e+04 1.723756578179999870e-03
2.218000000000000000e+04 1.030811598179999858e-03
2.220000000000000000e+04 1.429948518180000107e-03
2.222000000000000000e+04 1.323287418179999991e-03
2.224000000000000000e+04 1.405316640000000032e-03
2.226000000000000000e+04 1.274951861819999775e-03
2.228000000000000000e+04 1.294045481820000091e-03
2.230000000000000000e+04 6.811804981800000536e-04
2.232000000000000000e+04 9.344098381799999936e-04
2.234000000000000000e+04 7.545410581799999461e-04
2.236000000000000000e+04 8.111321399999998731e-04
2.238000000000000000e+04 7.718365199999999019e-04
2.240000000000000000e+04 7.392912781799999703e-04
2.242000000000000000e+04 6.445165981799999251e-04
2.244000000000000000e+04 6.922770418199999769e-04
2.246000000000000000e+04 6.178263000000000244e-04
2.248000000000000000e+04 4.571093818200000730e-04
2.250000000000000000e+04 3.614720218199999604e-04
2.252000000000000000e+04 4.452721018199999430e-04
2.254000000000000000e+04 5.176334818200000040e-04
2.256000000000000000e+04 4.728432781800000575e-04
2.258000000000000000e+04 3.781086418199999712e-04
2.260000000000000000e+04 4.699312800000000575e-04
2.262000000000000000e+04 3.994335781800000072e-04
2.264000000000000000e+04 2.527506781799999415e-04
2.266000000000000000e+04 3.669556799999999655e-04
2.268000000000000000e+04 3.740827981799999869e-04
2.270000000000000000e+04 3.407640599999999962e-04
2.272000000000000000e+04 3.739972618200000242e-04
2.274000000000000000e+04 2.973716218200000549e-04
2.276000000000000000e+04 2.911526818200000158e-04
2.278000000000000000e+04 4.041728581799999961e-04
2.280000000000000000e+04 3.707176199999999704e-04
2.282000000000000000e+04 4.331035800000000171e-04
2.284000000000000000e+04 4.491760018199999582e-04
2.286000000000000000e+04 4.224274618200000607e-04
2.288000000000000000e+04 4.212517381800000185e-04
2.290000000000000000e+04 4.518659581800000494e-04
2.292000000000000000e+04 5.033938018199999188e-04
2.294000000000000000e+04 5.478655018199999694e-04
2.296000000000000000e+04 6.185015218200000039e-04
2.298000000000000000e+04 6.624272218199999144e-04
2.300000000000000000e+04 6.572893618199999880e-04
2.302000000000000000e+04 7.702494781800000223e-04
2.304000000000000000e+04 7.392912781799999703e-04
2.306000000000000000e+04 8.467932181800000898e-04
2.308000000000000000e+04 7.301949181799998953e-04
2.310000000000000000e+04 9.202884600000000139e-04
2.312000000000000000e+04 1.064485241820000002e-03
2.314000000000000000e+04 7.953199799999999394e-04
2.316000000000000000e+04 9.271571399999999422e-04
2.318000000000000000e+04 1.388366981819999903e-03
2.320000000000000000e+04 1.497241199999999918e-03
2.322000000000000000e+04 1.314747978180000115e-03
2.324000000000000000e+04 1.570006619999999783e-03
2.326000000000000000e+04 1.688768898179999773e-03
2.328000000000000000e+04 1.696383779999999794e-03
2.330000000000000000e+04 1.545347441819999940e-03
2.332000000000000000e+04 1.686887021819999995e-03
2.334000000000000000e+04 1.933855559999999880e-03
2.336000000000000000e+04 2.001947220000000003e-03
2.338000000000000000e+04 2.301977861820000103e-03
2.340000000000000000e+04 2.008446438179999766e-03
2.342000000000000000e+04 2.219419020000000173e-03
2.344000000000000000e+04 2.503872281819999931e-03
2.346000000000000000e+04 2.722084818179999928e-03
2.348000000000000000e+04 2.027931360000000040e-03
2.350000000000000000e+04 2.060130798179999820e-03
2.352000000000000000e+04 2.108695679999999725e-03
2.354000000000000000e+04 2.601808301820000141e-03
2.356000000000000000e+04 2.541628181819999797e-03
2.358000000000000000e+04 2.472473639999999816e-03
2.360000000000000000e+04 2.171471118179999979e-03
2.362000000000000000e+04 2.496888941820000086e-03
2.364000000000000000e+04 2.632981260000000212e-03
2.366000000000000000e+04 2.315860818179999760e-03
2.368000000000000000e+04 2.083577861819999998e-03
2.370000000000000000e+04 2.701888278179999815e-03
2.372000000000000000e+04 2.324753340000000092e-03
2.374000000000000000e+04 2.906718359999999838e-03
2.376000000000000000e+04 2.385097259999999914e-03
2.378000000000000000e+04 2.576361059999999863e-03
2.380000000000000000e+04 2.341571958180000378e-03
2.382000000000000000e+04 1.985141339999999671e-03
2.384000000000000000e+04 2.864811041819999814e-03
2.386000000000000000e+04 1.913484299999999904e-03
2.388000000000000000e+04 2.392624781820000112e-03
2.390000000000000000e+04 2.489454240000000228e-03
2.392000000000000000e+04 2.483462801820000235e-03
2.394000000000000000e+04 2.379451620000000000e-03
2.396000000000000000e+04 2.190450078179999836e-03
2.398000000000000000e+04 2.308205898179999799e-03
2.400000000000000000e+04 2.568223841820000113e-03
2.402000000000000000e+04 2.364265541819999834e-03
2.404000000000000000e+04 1.905758399999999938e-03
2.406000000000000000e+04 1.336027421819999984e-03
2.408000000000000000e+04 2.198643719999999850e-03
2.410000000000000000e+04 2.090311859999999678e-03
2.412000000000000000e+04 2.086668221820000158e-03
2.414000000000000000e+04 2.345159178179999707e-03
2.416000000000000000e+04 2.199262518179999782e-03
2.418000000000000000e+04 1.826823180000000137e-03
2.420000000000000000e+04 1.984617179999999866e-03
2.422000000000000000e+04 1.609560678179999902e-03
2.424000000000000000e+04 2.045576261820000047e-03
2.426000000000000000e+04 1.749962760000000088e-03
2.428000000000000000e+04 2.070861521819999766e-03
2.430000000000000000e+04 1.645471098179999633e-03
2.432000000000000000e+04 1.650608958179999993e-03
2.434000000000000000e+04 1.787329181820000289e-03
2.436000000000000000e+04 2.140531121820000039e-03
2.438000000000000000e+04 1.761204900000000028e-03
2.440000000000000000e+04 2.149925958180000200e-03
2.442000000000000000e+04 2.380221479999999890e-03
2.444000000000000000e+04 1.602038621819999861e-03
2.446000000000000000e+04 2.342592978180000219e-03
2.448000000000000000e+04 2.459709978180000135e-03
2.450000000000000000e+04 2.353112579999999936e-03
2.452000000000000000e+04 1.544584859999999921e-03
2.454000000000000000e+04 2.437680701819999914e-03
2.456000000000000000e+04 1.972039158179999998e-03
2.458000000000000000e+04 2.745833999999999948e-03
2.460000000000000000e+04 2.167390679999999827e-03
2.462000000000000000e+04 2.615940599999999529e-03
2.464000000000000000e+04 2.230371780000000009e-03
2.466000000000000000e+04 2.814529901819999829e-03
2.468000000000000000e+04 2.554825001819999598e-03
2.470000000000000000e+04 2.215251221819999981e-03
2.472000000000000000e+04 2.232419279999999992e-03
2.474000000000000000e+04 2.572355238179999722e-03
2.476000000000000000e+04 2.362931478179999475e-03
2.478000000000000000e+04 1.799807099999999873e-03
2.480000000000000000e+04 1.686433841820000196e-03
2.482000000000000000e+04 2.118709319999999893e-03
2.484000000000000000e+04 1.366665300000000083e-03
2.486000000000000000e+04 1.775248019999999807e-03
2.488000000000000000e+04 2.035040279999999861e-03
2.490000000000000000e+04 2.042487720000000107e-03
2.492000000000000000e+04 1.990617720000000240e-03
2.494000000000000000e+04 1.690834601820000302e-03
2.496000000000000000e+04 2.020220021819999889e-03
2.498000000000000000e+04 1.195037478180000076e-03
2.500000000000000000e+04 1.382342778179999985e-03
