9.702660156250000000e+03 9.589692813026054496e-05
9.710000000000000000e+03 1.105955238967685177e-04
9.720000000000000000e+03 1.307547630793713537e-04
9.730000000000000000e+03 1.509731983173401087e-04
9.740000000000000000e+03 1.711046305944852327e-04
9.750000000000000000e+03 1.914223057784179513e-04
9.760000000000000000e+03 2.117972467947166939e-04
9.770000000000000000e+03 2.322287579885449907e-04
9.780000000000000000e+03 2.525004289681446546e-04
9.790000000000000000e+03 2.730248642766633328e-04
9.800000000000000000e+03 2.936033144766753058e-04
9.802687500000000000e+03 2.991005515489346227e-04
9.810000000000000000e+03 2.963508900211458876e-04
9.820000000000000000e+03 2.923307016295909489e-04
9.830000000000000000e+03 2.885522855190143267e-04
9.840000000000000000e+03 2.849090969215177602e-04
9.850000000000000000e+03 2.812511854576459796e-04
9.860000000000000000e+03 2.773410098870439963e-04
9.870000000000000000e+03 2.736566867268544695e-04
9.880000000000000000e+03 2.699574734478301253e-04
9.890000000000000000e+03 2.662435763207653540e-04
9.900000000000000000e+03 2.622907712820100315e-04
9.902714843750000000e+03 2.612766064081858291e-04
9.910000000000000000e+03 2.721221452234793138e-04
9.920000000000000000e+03 2.870351069928358612e-04
9.930000000000000000e+03 3.019779535469112840e-04
9.940000000000000000e+03 3.169499609221893303e-04
9.950000000000000000e+03 3.316667876574750425e-04
9.960000000000000000e+03 3.466813101060314535e-04
9.970000000000000000e+03 3.617225778607144966e-04
9.980000000000000000e+03 3.767897772478763442e-04
9.990000000000000000e+03 3.918810122254919514e-04
1.000000000000000000e+04 4.066469302803927947e-04
1.000274121093750000e+04 4.108532989754903929e-04
1.001000000000000000e+04 4.403884447628769717e-04
1.002000000000000000e+04 4.811799019082897331e-04
1.003000000000000000e+04 5.220898048970070045e-04
1.004000000000000000e+04 5.631169663683994802e-04
1.005000000000000000e+04 6.037410511149406004e-04
1.006000000000000000e+04 6.449613065343625566e-04
1.007000000000000000e+04 6.862934807238730726e-04
1.008000000000000000e+04 7.277359484074650544e-04
1.009000000000000000e+04 7.692869260815234176e-04
1.010000000000000000e+04 8.109457497233120600e-04
1.010276855468750000e+04 8.224966117678033338e-04
1.011000000000000000e+04 8.428173843683272508e-04
1.012000000000000000e+04 8.702259372750684001e-04
1.013000000000000000e+04 8.984221332141130922e-04
1.014000000000000000e+04 9.266820419263967776e-04
1.015000000000000000e+04 9.550045177847061358e-04
1.016000000000000000e+04 9.833913027688320502e-04
1.017000000000000000e+04 1.011838500359965847e-03
1.018000000000000000e+04 1.040345374898934408e-03
1.019000000000000000e+04 1.067997487674221969e-03
1.020000000000000000e+04 1.096600368793340143e-03
1.020279589843750000e+04 1.104627522404091509e-03
1.021000000000000000e+04 1.229803931003420423e-03
1.022000000000000000e+04 1.403951454448055863e-03
1.023000000000000000e+04 1.578546303239774552e-03
1.024000000000000000e+04 1.753584679656007344e-03
1.025000000000000000e+04 1.929061153324415157e-03
1.026000000000000000e+04 2.104973915625794369e-03
1.027000000000000000e+04 2.281315130500569891e-03
1.028000000000000000e+04 2.458082401085181883e-03
1.029000000000000000e+04 2.633007548059149421e-03
1.030000000000000000e+04 2.810461317546926463e-03
1.030282324218750000e+04 2.860633824566975042e-03
1.031000000000000000e+04 2.993061324040345757e-03
1.032000000000000000e+04 3.177944595692953986e-03
1.033000000000000000e+04 3.363247554297331323e-03
1.034000000000000000e+04 3.548970050222445376e-03
1.035000000000000000e+04 3.735113138455562962e-03
1.036000000000000000e+04 3.921666885396930986e-03
1.037000000000000000e+04 4.108629526046008763e-03
1.038000000000000000e+04 4.295994695326932344e-03
1.039000000000000000e+04 4.483771446871021200e-03
1.040000000000000000e+04 4.671944778365945405e-03
1.040284960937500000e+04 4.725686603970713495e-03
1.041000000000000000e+04 5.163833829333524215e-03
1.042000000000000000e+04 5.777815953752193923e-03
1.043000000000000000e+04 6.393210666151504483e-03
1.044000000000000000e+04 7.010016810973402138e-03
1.045000000000000000e+04 7.628226824057348504e-03
1.046000000000000000e+04 8.240726731062034127e-03
1.047000000000000000e+04 8.861181455565778770e-03
1.048000000000000000e+04 9.483022040069314859e-03
1.049000000000000000e+04 1.010623340269872078e-02
1.050000000000000000e+04 1.073081595822587657e-02
1.050287695312500000e+04 1.090821605434573981e-02
1.051000000000000000e+04 1.171853609338133553e-02
1.052000000000000000e+04 1.285675174093246081e-02
1.053000000000000000e+04 1.399566279416538869e-02
1.054000000000000000e+04 1.513527562936142941e-02
1.055000000000000000e+04 1.627555499210958309e-02
1.056000000000000000e+04 1.741651660238257085e-02
1.057000000000000000e+04 1.855817373624558259e-02
1.058000000000000000e+04 1.970046682757083112e-02
1.059000000000000000e+04 2.084343976777707982e-02
1.060000000000000000e+04 2.198708931438685815e-02
1.060290429687500000e+04 2.231888719617793407e-02
1.061000000000000000e+04 2.321580837359995403e-02
1.062000000000000000e+04 2.448031437926480314e-02
1.063000000000000000e+04 2.574537476882248974e-02
1.064000000000000000e+04 2.701101481798400678e-02
1.065000000000000000e+04 2.827719876377671540e-02
1.066000000000000000e+04 2.954396019526036796e-02
1.067000000000000000e+04 3.081130982451610323e-02
1.068000000000000000e+04 3.207923324490098010e-02
1.069000000000000000e+04 3.337643397084234104e-02
1.070000000000000000e+04 3.464666230210919351e-02
1.070293066406250000e+04 3.501903284854847309e-02
1.071000000000000000e+04 4.016454617481724637e-02
1.072000000000000000e+04 4.744611415723348075e-02
1.073000000000000000e+04 5.473114550346239171e-02
1.074000000000000000e+04 6.201965666309393332e-02
1.075000000000000000e+04 6.931168054357050856e-02
1.076000000000000000e+04 7.660736352657057657e-02
1.077000000000000000e+04 8.390675127466482031e-02
1.078000000000000000e+04 9.120979333325736349e-02
1.079000000000000000e+04 9.851678364947864808e-02
1.080000000000000000e+04 1.058276568906723336e-01
1.080295800781250000e+04 1.079925119333207950e-01
1.081000000000000000e+04 1.115005935572870310e-01
1.082000000000000000e+04 1.164852803291220873e-01
1.083000000000000000e+04 1.214734548152181237e-01
1.084000000000000000e+04 1.264650440732744963e-01
1.085000000000000000e+04 1.314604476961978574e-01
1.086000000000000000e+04 1.364595413735754104e-01
1.087000000000000000e+04 1.415842333124616437e-01
1.088000000000000000e+04 1.465956209062267424e-01
1.089000000000000000e+04 1.516109127642931154e-01
1.090000000000000000e+04 1.566306398859387550e-01
1.090298632812500000e+04 1.581305460950561681e-01
1.091000000000000000e+04 1.628117921834394133e-01
1.092000000000000000e+04 1.694912974657514504e-01
1.093000000000000000e+04 1.761767204349578564e-01
1.094000000000000000e+04 1.828681638882682092e-01
1.095000000000000000e+04 1.895657392745696002e-01
1.096000000000000000e+04 1.962693519801703146e-01
1.097000000000000000e+04 2.029796917665218081e-01
1.098000000000000000e+04 2.098770353702313074e-01
1.099000000000000000e+04 2.166070198664271362e-01
1.100000000000000000e+04 2.232984190496586918e-01
1.100301269531250000e+04 2.253231555081925130e-01
1.101000000000000000e+04 2.296669693157501191e-01
1.102000000000000000e+04 2.358871288211829287e-01
1.103000000000000000e+04 2.421113355717566529e-01
1.104000000000000000e+04 2.483395910456890621e-01
1.105000000000000000e+04 2.545718967215311879e-01
1.106000000000000000e+04 2.608082540781702652e-01
1.107000000000000000e+04 2.672779016356309767e-01
1.108000000000000000e+04 2.735277270984444731e-01
1.109000000000000000e+04 2.797816121625367192e-01
1.110000000000000000e+04 2.860395583094050287e-01
1.110304003906250000e+04 2.879428035605698377e-01
1.111000000000000000e+04 2.896134039410708794e-01
1.112000000000000000e+04 2.920150059572555468e-01
1.113000000000000000e+04 2.944181422527730185e-01
1.114000000000000000e+04 2.968228133844220129e-01
1.115000000000000000e+04 2.994856605615222600e-01
1.116000000000000000e+04 3.018954680920591938e-01
1.117000000000000000e+04 3.043068134477025510e-01
1.118000000000000000e+04 3.067196971862339860e-01
1.119000000000000000e+04 3.091341198655597200e-01
1.120000000000000000e+04 3.115500820437126506e-01
1.120306738281250000e+04 3.123785402890202900e-01
1.121000000000000000e+04 3.128711026710448428e-01
1.122000000000000000e+04 3.133142495137481442e-01
1.123000000000000000e+04 3.137576725447393522e-01
1.124000000000000000e+04 3.142013718608419048e-01
1.125000000000000000e+04 3.146453475588929516e-01
1.126000000000000000e+04 3.150895997357445188e-01
1.127000000000000000e+04 3.155341284882636210e-01
1.128000000000000000e+04 3.162494764683533854e-01
1.129000000000000000e+04 3.166949397442009873e-01
1.130000000000000000e+04 3.171406801234574191e-01
1.130309375000000000e+04 3.172786371940324868e-01
1.131000000000000000e+04 3.177535635400334235e-01
1.132000000000000000e+04 3.184416289369235153e-01
1.133000000000000000e+04 3.191301549514931613e-01
1.134000000000000000e+04 3.200927054399205218e-01
1.135000000000000000e+04 3.207827429218203519e-01
1.136000000000000000e+04 3.214732419149470832e-01
1.137000000000000000e+04 3.221642025858686420e-01
1.138000000000000000e+04 3.228556251011785450e-01
1.139000000000000000e+04 3.238240588932085329e-01
1.140000000000000000e+04 3.245169973741713898e-01
1.140312109375000000e+04 3.247407227220668879e-01
1.141000000000000000e+04 3.247681363555308676e-01
1.142000000000000000e+04 3.248079456195620551e-01
1.143000000000000000e+04 3.248477045286455867e-01
1.144000000000000000e+04 3.248874130458279663e-01
1.145000000000000000e+04 3.252045623842988453e-01
1.146000000000000000e+04 3.252442038321142204e-01
1.147000000000000000e+04 3.252837947339739522e-01
1.148000000000000000e+04 3.253233350528497714e-01
1.149000000000000000e+04 3.253628247517043603e-01
1.150000000000000000e+04 3.256798906406301319e-01
1.150314843750000000e+04 3.256868661582389968e-01
1.151000000000000000e+04 3.260827031391874131e-01
1.152000000000000000e+04 3.266607626736445225e-01
1.153000000000000000e+04 3.272392105544588703e-01
1.154000000000000000e+04 3.278180469161297572e-01
1.155000000000000000e+04 3.286772485547672651e-01
1.156000000000000000e+04 3.292573564341575443e-01
1.157000000000000000e+04 3.298378535295379277e-01
1.158000000000000000e+04 3.304187399755822430e-01
1.159000000000000000e+04 3.310000159069816372e-01
1.160000000000000000e+04 3.318640985297052204e-01
1.160317480468750000e+04 3.320496469881955570e-01
1.161000000000000000e+04 3.332811525834235566e-01
1.162000000000000000e+04 3.350866649972139011e-01
1.163000000000000000e+04 3.368935570352245557e-01
1.164000000000000000e+04 3.389900995546255014e-01
1.165000000000000000e+04 3.408012925411012528e-01
1.166000000000000000e+04 3.426138678253435876e-01
1.167000000000000000e+04 3.444278259072405257e-01
1.168000000000000000e+04 3.462431672867323229e-01
1.169000000000000000e+04 3.483558755910229343e-01
1.170000000000000000e+04 3.501755311494435530e-01
1.170320312500000000e+04 3.507586826197351404e-01
1.171000000000000000e+04 3.514116854309654592e-01
1.172000000000000000e+04 3.523730081620417010e-01
1.173000000000000000e+04 3.536352031567125409e-01
1.174000000000000000e+04 3.545987327148420465e-01
1.175000000000000000e+04 3.555629577065844149e-01
1.176000000000000000e+04 3.565278783778823568e-01
1.177000000000000000e+04 3.574934949747039514e-01
1.178000000000000000e+04 3.587641172224237951e-01
1.179000000000000000e+04 3.597319473373281062e-01
1.180000000000000000e+04 3.607004747072373729e-01
1.180323046875000000e+04 3.609975127760748914e-01
1.181000000000000000e+04 3.612379120482445694e-01
1.182000000000000000e+04 3.618998277898508031e-01
1.183000000000000000e+04 3.622555198934302445e-01
1.184000000000000000e+04 3.626113596469234812e-01
1.185000000000000000e+04 3.629673470713796757e-01
1.186000000000000000e+04 3.636313978458634022e-01
1.187000000000000000e+04 3.639879826241105842e-01
1.188000000000000000e+04 3.643447152616607343e-01
1.189000000000000000e+04 3.647015957795724517e-01
1.190000000000000000e+04 3.653677484031119804e-01
1.190325683593750000e+04 3.654841571229164310e-01
1.191000000000000000e+04 3.656537086443374385e-01
1.192000000000000000e+04 3.659052277818499732e-01
1.193000000000000000e+04 3.661568389738185103e-01
1.194000000000000000e+04 3.664085422324157570e-01
1.195000000000000000e+04 3.669705184070252701e-01
1.196000000000000000e+04 3.672226189226718840e-01
1.197000000000000000e+04 3.674748116193737313e-01
1.198000000000000000e+04 3.677270965093085153e-01
1.199000000000000000e+04 3.682905443393024170e-01
1.200000000000000000e+04 3.685432270766754725e-01
1.200328417968750000e+04 3.686410786757015057e-01
1.201000000000000000e+04 3.694960088538843390e-01
1.202000000000000000e+04 3.707697795752649683e-01
1.203000000000000000e+04 3.723586655766329967e-01
1.204000000000000000e+04 3.736353365639596413e-01
1.205000000000000000e+04 3.749129203373916530e-01
1.206000000000000000e+04 3.761914172463962092e-01
1.207000000000000000e+04 3.777893833241296462e-01
1.208000000000000000e+04 3.790707880458639156e-01
1.209000000000000000e+04 3.803531077234545976e-01
1.210000000000000000e+04 3.816363427069185965e-01
1.210331054687500000e+04 3.821680172587449964e-01
1.211000000000000000e+04 3.835763349987544868e-01
1.212000000000000000e+04 3.853605435818572289e-01
1.213000000000000000e+04 3.871460535735981590e-01
1.214000000000000000e+04 3.889328654755475068e-01
1.215000000000000000e+04 3.910501227116067735e-01
1.216000000000000000e+04 3.928410473421486415e-01
1.217000000000000000e+04 3.946332764861570919e-01
1.218000000000000000e+04 3.964268106459937213e-01
1.219000000000000000e+04 3.985568694077705754e-01
1.220000000000000000e+04 4.003545270845683124e-01
1.220333789062500000e+04 4.009425690287361510e-01
1.221000000000000000e+04 4.011758061148927856e-01
1.222000000000000000e+04 4.018637500373509752e-01
1.223000000000000000e+04 4.022144314405730059e-01
1.224000000000000000e+04 4.025652721911515686e-01
1.225000000000000000e+04 4.029162723310085736e-01
1.226000000000000000e+04 4.036062875188746735e-01
1.227000000000000000e+04 4.039579017677593642e-01
1.228000000000000000e+04 4.043096756657649227e-01
1.229000000000000000e+04 4.046616092548727672e-01
1.230000000000000000e+04 4.053537803554690955e-01
1.230336621093750000e+04 4.054724378863471812e-01
1.231000000000000000e+04 4.054849374814295526e-01
1.232000000000000000e+04 4.055037500143270357e-01
1.233000000000000000e+04 4.055225267238022346e-01
1.234000000000000000e+04 4.058814621117678989e-01
1.235000000000000000e+04 4.059001828218907204e-01
1.236000000000000000e+04 4.059188676349981262e-01
1.237000000000000000e+04 4.059375165365718408e-01
1.238000000000000000e+04 4.062964271766459357e-01
1.239000000000000000e+04 4.063150197840127986e-01
1.240000000000000000e+04 4.063335764061363764e-01
1.240339257812500000e+04 4.063563890653693611e-01
1.241000000000000000e+04 4.073261947900321256e-01
1.242000000000000000e+04 4.091372641567355695e-01
1.243000000000000000e+04 4.106082910588633172e-01
1.244000000000000000e+04 4.120804360700076052e-01
1.245000000000000000e+04 4.135536996070223736e-01
1.246000000000000000e+04 4.153753607336372888e-01
1.247000000000000000e+04 4.168520972132065960e-01
1.248000000000000000e+04 4.183299544065249842e-01
1.249000000000000000e+04 4.198089327310156049e-01
1.250000000000000000e+04 4.216412974256542046e-01
1.250341992187500000e+04 4.221156361355967723e-01
1.251000000000000000e+04 4.208133813808336843e-01
1.252000000000000000e+04 4.188336336050657582e-01
1.253000000000000000e+04 4.168530891909340563e-01
1.254000000000000000e+04 4.152183163415408274e-01
1.255000000000000000e+04 4.132345240273905818e-01
1.256000000000000000e+04 4.112499355879943308e-01
1.257000000000000000e+04 4.096061905588601615e-01
1.258000000000000000e+04 4.076183530598240790e-01
1.259000000000000000e+04 4.056297199538557718e-01
1.260000000000000000e+04 4.036402916359871362e-01
1.260344726562500000e+04 4.030642853087285649e-01
1.261000000000000000e+04 4.039494150762042435e-01
1.262000000000000000e+04 4.049643144045399490e-01
1.263000000000000000e+04 4.059794626900877779e-01
1.264000000000000000e+04 4.069948597364452247e-01
1.265000000000000000e+04 4.083504894444375810e-01
1.266000000000000000e+04 4.093672299395750835e-01
1.267000000000000000e+04 4.103842188122815982e-01
1.268000000000000000e+04 4.114014558654397469e-01
1.269000000000000000e+04 4.127623532429867681e-01
1.270000000000000000e+04 4.137809335092788032e-01
1.270347363281250000e+04 4.141348088898005320e-01
1.271000000000000000e+04 4.145385352000034440e-01
1.272000000000000000e+04 4.151572533964260070e-01
1.273000000000000000e+04 4.161219833203255170e-01
1.274000000000000000e+04 4.167414827664572274e-01
1.275000000000000000e+04 4.173611153031634435e-01
1.276000000000000000e+04 4.179808808085744287e-01
1.277000000000000000e+04 4.186007791607403994e-01
1.278000000000000000e+04 4.195693060132399954e-01
1.279000000000000000e+04 4.201899852311337669e-01
1.280000000000000000e+04 4.208107970395758013e-01
1.280350097656250000e+04 4.210038235275835872e-01
1.281000000000000000e+04 4.219022064299842723e-01
1.282000000000000000e+04 4.236360467637582672e-01
1.283000000000000000e+04 4.250193605620603554e-01
1.284000000000000000e+04 4.264025810381890103e-01
1.285000000000000000e+04 4.277857079143296271e-01
1.286000000000000000e+04 4.295248717174620090e-01
1.287000000000000000e+04 4.309089581439680128e-01
1.288000000000000000e+04 4.322929500585563356e-01
1.289000000000000000e+04 4.336768471830991234e-01
1.290000000000000000e+04 4.354214129130020705e-01
1.290352832031250000e+04 4.359100447127926548e-01
1.291000000000000000e+04 4.369755662056697965e-01
1.292000000000000000e+04 4.386219143401838272e-01
1.293000000000000000e+04 4.402681538997040289e-01
1.294000000000000000e+04 4.422803841799402558e-01
1.295000000000000000e+04 4.439277692289630428e-01
1.296000000000000000e+04 4.455750446210984816e-01
1.297000000000000000e+04 4.472222100256482702e-01
1.298000000000000000e+04 4.488692651118895705e-01
1.299000000000000000e+04 4.508891708759123484e-01
1.300000000000000000e+04 4.525373676697668213e-01
1.300355566406250000e+04 4.531782585393057672e-01
1.301000000000000000e+04 4.533639595460785543e-01
1.302000000000000000e+04 4.536522251172935838e-01
1.303000000000000000e+04 4.543161025793284735e-01
1.304000000000000000e+04 4.546048598510178951e-01
1.305000000000000000e+04 4.548937438103592412e-01
1.306000000000000000e+04 4.551827544970433181e-01
1.307000000000000000e+04 4.554718919507691477e-01
1.308000000000000000e+04 4.561377910117547785e-01
1.309000000000000000e+04 4.564274212675574205e-01
1.310000000000000000e+04 4.567171785144069629e-01
1.310358300781250000e+04 4.568210296719486530e-01
1.311000000000000000e+04 4.555103108147836588e-01
1.312000000000000000e+04 4.534666307385964434e-01
1.313000000000000000e+04 4.517943891718397831e-01
1.314000000000000000e+04 4.497463255894380008e-01
1.315000000000000000e+04 4.476969133445556914e-01
1.316000000000000000e+04 4.456461519387863168e-01
1.317000000000000000e+04 4.439600596570236202e-01
1.318000000000000000e+04 4.419049040796926286e-01
1.319000000000000000e+04 4.398483967310873322e-01
1.320000000000000000e+04 4.377905371119147349e-01
1.320361035156250000e+04 4.370143689958516098e-01
1.321000000000000000e+04 4.372289399616222649e-01
1.322000000000000000e+04 4.379255067928622958e-01
1.323000000000000000e+04 4.382617122903269546e-01
1.324000000000000000e+04 4.385979828646149881e-01
1.325000000000000000e+04 4.389343185218514964e-01
1.326000000000000000e+04 4.392707192681623019e-01
1.327000000000000000e+04 4.396071851096741145e-01
1.328000000000000000e+04 4.403061248494473667e-01
1.329000000000000000e+04 4.406429981746824986e-01
1.330000000000000000e+04 4.409799366671345311e-01
1.330363671875000000e+04 4.411024878808017524e-01
1.331000000000000000e+04 4.422547689300526663e-01
1.332000000000000000e+04 4.440659090632521622e-01
1.333000000000000000e+04 4.462443809282082841e-01
1.334000000000000000e+04 4.480577743304355320e-01
1.335000000000000000e+04 4.498715491517598641e-01
1.336000000000000000e+04 4.516857054293154650e-01
1.337000000000000000e+04 4.535002432002369632e-01
1.338000000000000000e+04 4.553151625016605974e-01
1.339000000000000000e+04 4.575064106073959969e-01
1.340000000000000000e+04 4.593235863109840222e-01
1.340366406250000000e+04 4.598979110554589078e-01
1.341000000000000000e+04 4.604977188722184644e-01
1.342000000000000000e+04 4.614435810450035480e-01
1.343000000000000000e+04 4.623884472412352897e-01
1.344000000000000000e+04 4.633323175061239696e-01
1.345000000000000000e+04 4.646567012395173002e-01
1.346000000000000000e+04 4.655993537482900901e-01
1.347000000000000000e+04 4.665410096431874543e-01
1.348000000000000000e+04 4.674816689695326377e-01
1.349000000000000000e+04 4.684213317726703685e-01
1.350000000000000000e+04 4.693599980979634712e-01
1.350369238281250000e+04 4.698259411014504283e-01
1.351000000000000000e+04 4.702777391946870722e-01
1.352000000000000000e+04 4.706079198929472018e-01
1.353000000000000000e+04 4.709374846780198243e-01
1.354000000000000000e+04 4.712664337919039714e-01
1.355000000000000000e+04 4.715947674765584852e-01
1.356000000000000000e+04 4.719224859738999633e-01
1.357000000000000000e+04 4.722495895258033149e-01
1.358000000000000000e+04 4.729637717037974975e-01
1.359000000000000000e+04 4.732899134320558976e-01
1.360000000000000000e+04 4.736154404363566717e-01
1.360371875000000000e+04 4.734039362259317429e-01
1.361000000000000000e+04 4.712244317838097940e-01
1.362000000000000000e+04 4.677648112968637584e-01
1.363000000000000000e+04 4.643177510542016440e-01
1.364000000000000000e+04 4.608832335092206689e-01
1.365000000000000000e+04 4.574612411061756978e-01
1.366000000000000000e+04 4.544239028673297542e-01
1.367000000000000000e+04 4.510241238243129502e-01
1.368000000000000000e+04 4.476368274238123890e-01
1.369000000000000000e+04 4.442619960591945860e-01
1.370000000000000000e+04 4.408996121147200631e-01
1.370374609375000000e+04 4.396432328221280827e-01
1.371000000000000000e+04 4.400309109961769716e-01
1.372000000000000000e+04 4.406448018338294248e-01
1.373000000000000000e+04 4.412513138883977781e-01
1.374000000000000000e+04 4.418504613700728334e-01
1.375000000000000000e+04 4.428046360136360660e-01
1.376000000000000000e+04 4.433895757020193118e-01
1.377000000000000000e+04 4.439671874894003945e-01
1.378000000000000000e+04 4.445374856231057437e-01
1.379000000000000000e+04 4.451004843568224789e-01
1.380000000000000000e+04 4.456561979505916371e-01
1.380377343750000000e+04 4.459613788942027313e-01
1.381000000000000000e+04 4.457168686451762341e-01
1.382000000000000000e+04 4.453234623092084954e-01
1.383000000000000000e+04 4.449291741723468419e-01
1.384000000000000000e+04 4.463022906091769215e-01
1.385000000000000000e+04 4.476780359544204613e-01
1.386000000000000000e+04 4.494239058403062259e-01
1.387000000000000000e+04 4.508060447409603655e-01
1.388000000000000000e+04 4.521908202665506638e-01
1.389000000000000000e+04 4.535782342685966695e-01
1.390000000000000000e+04 4.549682885968606150e-01
1.390379980468750000e+04 4.554971747246920333e-01
1.391000000000000000e+04 4.561500862862250538e-01
1.392000000000000000e+04 4.572041782902410145e-01
1.393000000000000000e+04 4.582595569310125017e-01
1.394000000000000000e+04 4.593162224553190565e-01
1.395000000000000000e+04 4.603741751094548862e-01
1.396000000000000000e+04 4.614334151392285310e-01
1.397000000000000000e+04 4.624939427899631972e-01
1.398000000000000000e+04 4.635557583064969789e-01
1.399000000000000000e+04 4.646188619331818592e-01
1.400000000000000000e+04 4.656832539138863192e-01
1.400382714843750000e+04 4.659164644880220418e-01
1.401000000000000000e+04 4.660875790690835463e-01
1.402000000000000000e+04 4.663646002974445870e-01
1.403000000000000000e+04 4.666413938713834808e-01
1.404000000000000000e+04 4.669179594515446285e-01
1.405000000000000000e+04 4.671942966987359669e-01
1.406000000000000000e+04 4.674704052739318549e-01
1.407000000000000000e+04 4.677462848382724636e-01
1.408000000000000000e+04 4.684045908128322555e-01
1.409000000000000000e+04 4.686802365239693402e-01
1.410000000000000000e+04 4.689556520205937495e-01
1.410385546875000000e+04 4.690617760432289063e-01
1.411000000000000000e+04 4.688604795861563979e-01
1.412000000000000000e+04 4.685317294658527532e-01
1.413000000000000000e+04 4.682015570505600466e-01
1.414000000000000000e+04 4.678699614604326928e-01
1.415000000000000000e+04 4.675369418166605007e-01
1.416000000000000000e+04 4.672024972414681177e-01
1.417000000000000000e+04 4.668666268581161960e-01
1.418000000000000000e+04 4.665293297909042791e-01
1.419000000000000000e+04 4.661906051651683591e-01
1.420000000000000000e+04 4.654698829109392699e-01
1.420388183593750000e+04 4.651733712425390466e-01
1.421000000000000000e+04 4.650814860039365617e-01
1.422000000000000000e+04 4.649312438317873553e-01
1.423000000000000000e+04 4.647809299256412952e-01
1.424000000000000000e+04 4.646305443262890855e-01
1.425000000000000000e+04 4.644800870745405819e-01
1.426000000000000000e+04 4.643295582112295095e-01
1.427000000000000000e+04 4.641789577772107989e-01
1.428000000000000000e+04 4.640282858133600308e-01
1.429000000000000000e+04 4.638775423605750459e-01
1.430000000000000000e+04 4.637267274597746680e-01
1.430390917968750000e+04 4.636677517895799183e-01
1.431000000000000000e+04 4.642174673493618120e-01
1.432000000000000000e+04 4.651200615804851890e-01
1.433000000000000000e+04 4.660227338758569648e-01
1.434000000000000000e+04 4.669254839679770619e-01
1.435000000000000000e+04 4.678283115892484800e-01
1.436000000000000000e+04 4.687312164719811269e-01
1.437000000000000000e+04 4.696341983483886540e-01
1.438000000000000000e+04 4.705372569505896219e-01
1.439000000000000000e+04 4.714403920106080004e-01
1.440000000000000000e+04 4.719573680545322003e-01
1.440393554687500000e+04 4.722773456678359683e-01
1.441000000000000000e+04 4.707917167384954027e-01
1.442000000000000000e+04 4.683424241646644837e-01
1.443000000000000000e+04 4.658936798864176665e-01
1.444000000000000000e+04 4.634454842619668002e-01
1.445000000000000000e+04 4.609978376495150187e-01
1.446000000000000000e+04 4.585507404072612925e-01
1.447000000000000000e+04 4.561041928933987633e-01
1.448000000000000000e+04 4.536581954661133564e-01
1.449000000000000000e+04 4.512127484835860569e-01
1.450000000000000000e+04 4.487678523039910772e-01
1.450396289062500000e+04 4.477369072326019550e-01
1.451000000000000000e+04 4.487837260003660345e-01
1.452000000000000000e+04 4.508853351141724475e-01
1.453000000000000000e+04 4.529883197963457397e-01
1.454000000000000000e+04 4.550926803339624960e-01
1.455000000000000000e+04 4.571984170140823700e-01
1.456000000000000000e+04 4.593055301237497501e-01
1.457000000000000000e+04 4.614140199499917050e-01
1.458000000000000000e+04 4.631442878383215112e-01
1.459000000000000000e+04 4.652538029733292446e-01
1.460000000000000000e+04 4.673646945577414336e-01
1.460399121093750000e+04 4.681868290091701912e-01
1.461000000000000000e+04 4.682539841120030855e-01
1.462000000000000000e+04 4.683657436718747236e-01
1.463000000000000000e+04 4.684775008589818768e-01
1.464000000000000000e+04 4.685892556721590885e-01
1.465000000000000000e+04 4.683168090122579175e-01
1.466000000000000000e+04 4.684284674713838359e-01
1.467000000000000000e+04 4.685401235550293864e-01
1.468000000000000000e+04 4.686517772620275024e-01
1.469000000000000000e+04 4.687634285912146703e-01
1.470000000000000000e+04 4.688750775414246008e-01
1.470401757812500000e+04 4.687653973568040588e-01
1.471000000000000000e+04 4.692097229714908835e-01
1.472000000000000000e+04 4.703374700751694615e-01
1.473000000000000000e+04 4.714656932413825996e-01
1.474000000000000000e+04 4.725943924498194892e-01
1.475000000000000000e+04 4.737235676801611062e-01
1.476000000000000000e+04 4.744633376414457149e-01
1.477000000000000000e+04 4.755925369564250049e-01
1.478000000000000000e+04 4.767222118414999321e-01
1.479000000000000000e+04 4.778523622763279355e-01
1.480000000000000000e+04 4.785893930325602619e-01
1.480404492187500000e+04 4.790269833665691257e-01
1.481000000000000000e+04 4.784326457231359853e-01
1.482000000000000000e+04 4.774343662843397174e-01
1.483000000000000000e+04 4.764357805685501823e-01
1.484000000000000000e+04 4.750459327610520033e-01
1.485000000000000000e+04 4.740475565697581661e-01
1.486000000000000000e+04 4.730488747821928741e-01
1.487000000000000000e+04 4.720498875412724726e-01
1.488000000000000000e+04 4.706628809205386510e-01
1.489000000000000000e+04 4.696641059541659668e-01
1.490000000000000000e+04 4.686650262141219825e-01
1.490407226562500000e+04 4.682580871119283450e-01
1.491000000000000000e+04 4.684142989660942114e-01
1.492000000000000000e+04 4.682918195150711504e-01
1.493000000000000000e+04 4.685551888474171478e-01
1.494000000000000000e+04 4.688185911613795831e-01
1.495000000000000000e+04 4.690820264326395761e-01
1.496000000000000000e+04 4.689585470653315213e-01
1.497000000000000000e+04 4.692218309371815055e-01
1.498000000000000000e+04 4.694851476662856848e-01
1.499000000000000000e+04 4.693608978522972874e-01
1.500000000000000000e+04 4.696240629007252254e-01
1.500409863281250000e+04 4.696397127458910026e-01
1.501000000000000000e+04 4.692233832382438630e-01
1.502000000000000000e+04 4.681313702253664943e-01
1.503000000000000000e+04 4.674272040655985672e-01
1.504000000000000000e+04 4.667234450191806161e-01
1.505000000000000000e+04 4.656349344145769287e-01
1.506000000000000000e+04 4.649325702283977901e-01
1.507000000000000000e+04 4.642306124793995625e-01
1.508000000000000000e+04 4.631456444083211221e-01
1.509000000000000000e+04 4.624450791593201493e-01
1.510000000000000000e+04 4.617449196720034288e-01
1.510412597656250000e+04 4.612985527871998892e-01
1.511000000000000000e+04 4.614553323609949520e-01
1.512000000000000000e+04 4.621037881902629874e-01
1.513000000000000000e+04 4.627517151912512450e-01
1.514000000000000000e+04 4.630151692336471614e-01
1.515000000000000000e+04 4.636615031090211558e-01
1.516000000000000000e+04 4.643073090817348425e-01
1.517000000000000000e+04 4.645670824226152407e-01
1.518000000000000000e+04 4.652112984969583587e-01
1.519000000000000000e+04 4.654683678916328726e-01
1.520000000000000000e+04 4.661109964025365038e-01
1.520415429687500000e+04 4.663618258859018040e-01
1.521000000000000000e+04 4.653387864135238305e-01
1.522000000000000000e+04 4.632047588466115529e-01
1.523000000000000000e+04 4.614586334221608688e-01
1.524000000000000000e+04 4.593317855691987917e-01
1.525000000000000000e+04 4.575898875025550261e-01
1.526000000000000000e+04 4.558493765070872894e-01
1.527000000000000000e+04 4.537324387698751793e-01
1.528000000000000000e+04 4.519961458464613058e-01
1.529000000000000000e+04 4.498863588868569630e-01
1.530000000000000000e+04 4.481542767971113950e-01
1.530418066406250000e+04 4.472746740473784177e-01
1.531000000000000000e+04 4.471751612158013645e-01
1.532000000000000000e+04 4.473768115461768669e-01
1.533000000000000000e+04 4.472048708371542114e-01
1.534000000000000000e+04 4.474057921858059506e-01
1.535000000000000000e+04 4.472328323418574558e-01
1.536000000000000000e+04 4.474330262294181071e-01
1.537000000000000000e+04 4.476329404489083896e-01
1.538000000000000000e+04 4.474584285311328236e-01
1.539000000000000000e+04 4.476576172838283019e-01
1.540000000000000000e+04 4.474820921799142481e-01
1.540420800781250000e+04 4.475753213260455499e-01
1.541000000000000000e+04 4.476130627743504786e-01
1.542000000000000000e+04 4.473034734256352563e-01
1.543000000000000000e+04 4.473683375038879917e-01
1.544000000000000000e+04 4.470583139096200864e-01
1.545000000000000000e+04 4.471228527428822153e-01
1.546000000000000000e+04 4.468124407326349301e-01
1.547000000000000000e+04 4.465017409859243780e-01
1.548000000000000000e+04 4.465657663720950521e-01
1.549000000000000000e+04 4.462546800571526862e-01
1.550000000000000000e+04 4.463183820423904380e-01
1.550423535156250000e+04 4.462371994310360690e-01
1.551000000000000000e+04 4.455131056203146533e-01
1.552000000000000000e+04 4.446322983919024363e-01
1.553000000000000000e+04 4.433784449041919817e-01
1.554000000000000000e+04 4.424987489366570270e-01
1.555000000000000000e+04 4.412475317473696923e-01
1.556000000000000000e+04 4.399979357813286196e-01
1.557000000000000000e+04 4.391202754599010105e-01
1.558000000000000000e+04 4.378732694405786940e-01
1.559000000000000000e+04 4.369967186469696507e-01
1.560000000000000000e+04 4.357523451929082303e-01
1.560426171875000000e+04 4.353693588726808561e-01
1.561000000000000000e+04 4.358200056173455739e-01
1.562000000000000000e+04 4.362363466627433017e-01
1.563000000000000000e+04 4.366511245850305256e-01
1.564000000000000000e+04 4.374343492087073293e-01
1.565000000000000000e+04 4.378465334260051023e-01
1.566000000000000000e+04 4.382571124008223240e-01
1.567000000000000000e+04 4.390381705013063351e-01
1.568000000000000000e+04 4.394462472870129255e-01
1.569000000000000000e+04 4.402260832207866015e-01
1.570000000000000000e+04 4.406315709554082805e-01
1.570429003906250000e+04 4.408050547898078597e-01
1.571000000000000000e+04 4.412614931910414651e-01
1.572000000000000000e+04 4.424348502824337892e-01
1.573000000000000000e+04 4.432308826546872971e-01
1.574000000000000000e+04 4.440245124281406164e-01
1.575000000000000000e+04 4.451946474383697283e-01
1.576000000000000000e+04 4.459845160168725564e-01
1.577000000000000000e+04 4.467719396401529930e-01
1.578000000000000000e+04 4.475570100513483474e-01
1.579000000000000000e+04 4.487225242990670049e-01
1.580000000000000000e+04 4.495037491588420586e-01
1.580431738281250000e+04 4.498479975942810682e-01
1.581000000000000000e+04 4.490033837141168549e-01
1.582000000000000000e+04 4.479015930471893503e-01
1.583000000000000000e+04 4.464182097846691732e-01
1.584000000000000000e+04 4.449369236389721372e-01
1.585000000000000000e+04 4.434578248940785339e-01
1.586000000000000000e+04 4.423598972073892188e-01
1.587000000000000000e+04 4.408840946664548399e-01
1.588000000000000000e+04 4.394104324953114205e-01
1.589000000000000000e+04 4.379389548933073084e-01
1.590000000000000000e+04 4.368448852148053008e-01
1.590434375000000000e+04 4.362068797443656720e-01
1.591000000000000000e+04 4.362316368934872624e-01
1.592000000000000000e+04 4.362747482091667295e-01
1.593000000000000000e+04 4.363170637349922387e-01
1.594000000000000000e+04 4.363584942201289008e-01
1.595000000000000000e+04 4.367756330529085074e-01
1.596000000000000000e+04 4.368157883355958671e-01
1.597000000000000000e+04 4.368550592652001296e-01
1.598000000000000000e+04 4.368934910344809963e-01
1.599000000000000000e+04 4.369311290075693632e-01
1.600000000000000000e+04 4.373462282799073786e-01
1.600437109375000000e+04 4.373698278842121367e-01
1.601000000000000000e+04 4.367122696250707037e-01
1.602000000000000000e+04 4.355452849073794264e-01
1.603000000000000000e+04 4.343797285587651102e-01
1.604000000000000000e+04 4.332156455044553489e-01
1.605000000000000000e+04 4.320530803432537925e-01
1.606000000000000000e+04 4.312666495119227839e-01
1.607000000000000000e+04 4.301063021647779094e-01
1.608000000000000000e+04 4.289474721089379106e-01
1.609000000000000000e+04 4.277900701050484367e-01
1.610000000000000000e+04 4.266341405865939351e-01
1.610439843750000000e+04 4.261261979277015111e-01
1.611000000000000000e+04 4.259688539720470346e-01
1.612000000000000000e+04 4.256877585567433453e-01
1.613000000000000000e+04 4.254065048431870943e-01
1.614000000000000000e+04 4.251250042880908020e-01
1.615000000000000000e+04 4.248433013164357175e-01
1.616000000000000000e+04 4.249335093273430841e-01
1.617000000000000000e+04 4.246515251617757891e-01
1.618000000000000000e+04 4.243692945000008265e-01
1.619000000000000000e+04 4.240869061903823622e-01
1.620000000000000000e+04 4.238042715769113622e-01
1.620442578125000000e+04 4.236447296036677801e-01
1.621000000000000000e+04 4.230349029743433742e-01
1.622000000000000000e+04 4.219421892436629462e-01
1.623000000000000000e+04 4.208510416254015452e-01
1.624000000000000000e+04 4.197615035116729065e-01
1.625000000000000000e+04 4.186736179924942514e-01
1.626000000000000000e+04 4.175872959295955367e-01
1.627000000000000000e+04 4.165026243889779489e-01
1.628000000000000000e+04 4.154195145346943341e-01
1.629000000000000000e+04 4.143380093820652199e-01
1.630000000000000000e+04 4.132581516450339332e-01
1.630445312500000000e+04 4.127777738593216839e-01
1.631000000000000000e+04 4.120536611508627822e-01
1.632000000000000000e+04 4.107499166208417596e-01
1.633000000000000000e+04 4.094482559379206132e-01
1.634000000000000000e+04 4.081487213777227896e-01
1.635000000000000000e+04 4.068513548191499130e-01
1.636000000000000000e+04 4.055560684773552582e-01
1.637000000000000000e+04 4.039023034138561341e-01
1.638000000000000000e+04 4.026120908078719696e-01
1.639000000000000000e+04 4.013240401631672505e-01
1.640000000000000000e+04 4.000380644886800674e-01
1.640448046875000000e+04 3.995681215962482158e-01
1.641000000000000000e+04 3.995901335306699109e-01
1.642000000000000000e+04 3.996295189429805439e-01
1.643000000000000000e+04 3.996683214740903711e-01
1.644000000000000000e+04 3.997065834881197710e-01
1.645000000000000000e+04 3.997442189587944728e-01
1.646000000000000000e+04 3.994214571432880279e-01
1.647000000000000000e+04 3.994575667042573608e-01
1.648000000000000000e+04 3.994931340174355805e-01
1.649000000000000000e+04 3.995280727175345992e-01
1.650000000000000000e+04 3.995624252983512315e-01
1.650450781250000000e+04 3.995777384445194924e-01
1.651000000000000000e+04 3.985716770936574282e-01
1.652000000000000000e+04 3.967410777676579348e-01
1.653000000000000000e+04 3.945540840784533820e-01
1.654000000000000000e+04 3.927280498069040116e-01
1.655000000000000000e+04 3.909036797737771574e-01
1.656000000000000000e+04 3.890808924305863004e-01
1.657000000000000000e+04 3.872597756792200974e-01
1.658000000000000000e+04 3.850888737102443615e-01
1.659000000000000000e+04 3.832723616997135152e-01
1.660000000000000000e+04 3.814574472948361605e-01
1.660453320312500000e+04 3.801989172641342951e-01
1.661000000000000000e+04 3.751467168377228822e-01
1.662000000000000000e+04 3.656106764737468429e-01
1.663000000000000000e+04 3.564704427059807723e-01
1.664000000000000000e+04 3.473825472013152837e-01
1.665000000000000000e+04 3.383469204459399471e-01
1.666000000000000000e+04 3.290603247077292792e-01
1.667000000000000000e+04 3.201366653817488417e-01
1.668000000000000000e+04 3.112647301644171360e-01
1.669000000000000000e+04 3.021651643535552823e-01
1.670000000000000000e+04 2.934041584181435458e-01
1.670456250000000000e+04 2.894240119577685677e-01
1.671000000000000000e+04 2.839786584337316011e-01
1.672000000000000000e+04 2.737561301360836863e-01
1.673000000000000000e+04 2.638558794984856570e-01
1.674000000000000000e+04 2.540147228745018304e-01
1.675000000000000000e+04 2.440053454906049579e-01
1.676000000000000000e+04 2.342907735841111283e-01
1.677000000000000000e+04 2.246348081506650274e-01
1.678000000000000000e+04 2.148364633180474270e-01
1.679000000000000000e+04 2.053058589996561989e-01
1.680000000000000000e+04 1.956499446047209878e-01
1.680458984375000000e+04 1.913293528303245394e-01
1.681000000000000000e+04 1.869057977169769069e-01
1.682000000000000000e+04 1.787671920436266493e-01
1.683000000000000000e+04 1.705170615565030356e-01
1.684000000000000000e+04 1.624835804299555320e-01
1.685000000000000000e+04 1.543531080208382367e-01
1.686000000000000000e+04 1.464241599917611436e-01
1.687000000000000000e+04 1.384126427609702614e-01
1.688000000000000000e+04 1.305876216431085257e-01
1.689000000000000000e+04 1.228107246014661647e-01
1.690000000000000000e+04 1.149726581970397926e-01
1.690461523437500000e+04 1.114250827924088277e-01
1.691000000000000000e+04 1.091483567014158856e-01
1.692000000000000000e+04 1.048400633199505633e-01
1.693000000000000000e+04 1.006610275019267642e-01
1.694000000000000000e+04 9.641532616926580534e-02
1.695000000000000000e+04 9.229092590711192312e-02
1.696000000000000000e+04 8.810742561082132718e-02
1.697000000000000000e+04 8.395679437191044814e-02
1.698000000000000000e+04 7.991568344021299231e-02
1.699000000000000000e+04 7.582666879644962832e-02
1.700000000000000000e+04 7.183941055439758971e-02
1.700464257812500000e+04 6.994075609600260146e-02
1.701000000000000000e+04 6.860502893392510237e-02
1.702000000000000000e+04 6.619296276563300940e-02
1.703000000000000000e+04 6.373703390369360455e-02
1.704000000000000000e+04 6.130337141569990045e-02
1.705000000000000000e+04 5.894911618314708363e-02
1.706000000000000000e+04 5.655751019173734656e-02
1.707000000000000000e+04 5.424073317286887824e-02
1.708000000000000000e+04 5.189088708724116927e-02
1.709000000000000000e+04 4.956289815244337843e-02
1.710000000000000000e+04 4.730296096389120103e-02
1.710466992187500000e+04 4.623240161397165066e-02
1.711000000000000000e+04 4.533674596578202154e-02
1.712000000000000000e+04 4.366819858712166214e-02
1.713000000000000000e+04 4.205638699496508370e-02
1.714000000000000000e+04 4.041701571295679835e-02
1.715000000000000000e+04 3.879291659075487925e-02
1.716000000000000000e+04 3.722080536103589826e-02
1.717000000000000000e+04 3.562556093850406669e-02
1.718000000000000000e+04 3.404541467705984870e-02
1.719000000000000000e+04 3.251258992631508166e-02
1.720000000000000000e+04 3.096097782293711839e-02
1.720469921875000000e+04 3.012221920866992378e-02
1.721000000000000000e+04 2.944002116658019086e-02
1.722000000000000000e+04 2.817241391764826325e-02
1.723000000000000000e+04 2.695695872003039256e-02
1.724000000000000000e+04 2.573843559475456899e-02
1.725000000000000000e+04 2.454484234763371769e-02
1.726000000000000000e+04 2.337603920669459323e-02
1.727000000000000000e+04 2.223188069894489402e-02
1.728000000000000000e+04 2.113355234467727273e-02
1.729000000000000000e+04 2.003719466796045900e-02
1.730000000000000000e+04 1.896507531453753628e-02
1.730469921875000000e+04 1.846959487252858995e-02
1.731000000000000000e+04 1.817030544312417395e-02
1.732000000000000000e+04 1.761316925116660978e-02
1.733000000000000000e+04 1.706576386725523406e-02
1.734000000000000000e+04 1.652803287755953005e-02
1.735000000000000000e+04 1.601630045862879187e-02
1.736000000000000000e+04 1.549726041148255691e-02
1.737000000000000000e+04 1.498774005413173148e-02
1.738000000000000000e+04 1.448768720201844967e-02
1.739000000000000000e+04 1.399704692797167430e-02
1.740000000000000000e+04 1.351576448592703081e-02
1.740480078125000000e+04 1.319788182281982081e-02
1.741000000000000000e+04 1.320295072699004084e-02
1.742000000000000000e+04 1.319431555315051657e-02
1.743000000000000000e+04 1.316163876635528980e-02
1.744000000000000000e+04 1.310509462526845449e-02
1.745000000000000000e+04 1.302486041364099914e-02
1.746000000000000000e+04 1.292110992976930328e-02
1.747000000000000000e+04 1.279401997691692779e-02
1.748000000000000000e+04 1.264376469707163483e-02
1.749000000000000000e+04 1.247051802688932745e-02
1.750000000000000000e+04 1.227445602782701456e-02
1.750480078125000000e+04 1.217227573798659000e-02
1.751000000000000000e+04 1.199641064232716964e-02
1.752000000000000000e+04 1.164855883167253102e-02
1.753000000000000000e+04 1.128816210738787379e-02
1.754000000000000000e+04 1.091532604855680738e-02
1.755000000000000000e+04 1.053015390790515947e-02
1.756000000000000000e+04 1.013274888825607331e-02
1.757000000000000000e+04 9.723216012896863936e-03
1.758000000000000000e+04 9.301657585878139040e-03
1.759000000000000000e+04 8.868178251628030043e-03
1.760000000000000000e+04 8.413803874173996292e-03
1.760480078125000000e+04 8.305551877326256341e-03
1.761000000000000000e+04 8.147507408907603971e-03
1.762000000000000000e+04 7.842903338176748784e-03
1.763000000000000000e+04 7.537488826889354905e-03
1.764000000000000000e+04 7.231278876584216510e-03
1.765000000000000000e+04 6.924288544203429513e-03
1.766000000000000000e+04 6.609302713763964658e-03
1.767000000000000000e+04 6.301121505043777438e-03
1.768000000000000000e+04 5.992208987828656283e-03
1.769000000000000000e+04 5.682580215781943105e-03
1.770000000000000000e+04 5.366321447526039082e-03
1.770480078125000000e+04 5.217253611759481435e-03
1.771000000000000000e+04 5.199265763639492575e-03
1.772000000000000000e+04 5.136942386311104010e-03
1.773000000000000000e+04 5.038369829037443737e-03
1.774000000000000000e+04 4.898361184291944934e-03
1.775000000000000000e+04 4.728306415352103234e-03
1.776000000000000000e+04 4.522880380466691094e-03
1.777000000000000000e+04 4.282360691632163679e-03
1.778000000000000000e+04 4.002513472933396516e-03
1.779000000000000000e+04 3.692980000789963368e-03
1.780000000000000000e+04 3.349226400217117979e-03
1.780490039062500000e+04 3.342354404471429511e-03
1.781000000000000000e+04 3.307680557136752440e-03
1.782000000000000000e+04 3.239565868069835437e-03
1.783000000000000000e+04 3.162688904947586355e-03
1.784000000000000000e+04 3.084402980248300476e-03
1.785000000000000000e+04 3.001060521143252956e-03
1.786000000000000000e+04 2.909352462166695571e-03
1.787000000000000000e+04 2.816124812002857893e-03
1.788000000000000000e+04 2.714828278236675312e-03
1.789000000000000000e+04 2.611909295653025865e-03
1.790000000000000000e+04 2.501242742089846045e-03
1.790490039062500000e+04 2.446749284808270083e-03
