# this file was written by mdb2pypelid v0.0.1-9-gd100253
# for pypelid v0.0.2-23-g1cabb7c
# with the following configuration
#-------------------------------------------------------------------------------
#  verbose = 1
#  mdbfile = ['mdb/EUC_MDB_MISSIONCONFIGURATION-SPV02_2017-09-29T181200.00Z_01.01.xml']
#  checkplots = False
#  plotsdir = checkplots
#  outpath = <open file 'pypelid.conf', mode 'w' at 0x10fc57300>
#  translation = /Users/ben/euclid/mdb2pypelid/mdb2pypelid/translation.json
#  dir = in
#-------------------------------------------------------------------------------
   10000.0 0.0003616654
   10010.0 0.0006724010
   10020.0 0.0006733063
   10030.0 0.0006736377
   10040.0 0.0006747534
   10050.0 0.0006756573
   10060.0 0.0006758674
   10070.0 0.0006768540
   10080.0 0.0006773772
   10090.0 0.0006779440
   10100.0 0.0006784582
   10110.0 0.0006786820
   10120.0 0.0006789557
   10130.0 0.0006789941
   10140.0 0.0006791935
   10150.0 0.0006790412
   10160.0 0.0006787910
   10170.0 0.0006785234
   10180.0 0.0006784632
   10190.0 0.0006782477
   10200.0 0.0006778180
   10210.0 0.0006775127
   10220.0 0.0006774082
   10230.0 0.0006768772
   10240.0 0.0006766454
   10250.0 0.0006763781
   10260.0 0.0006759380
   10270.0 0.0006757273
   10280.0 0.0006754570
   10290.0 0.0006751640
   10300.0 0.0006747902
   10310.0 0.0006749698
   10320.0 0.0006749462
   10330.0 0.0006749194
   10340.0 0.0006748328
   10350.0 0.0006749263
   10360.0 0.0006752490
   10370.0 0.0006755752
   10380.0 0.0006758111
   10390.0 0.0006759181
   10400.0 0.0006762695
   10410.0 0.0006764243
   10420.0 0.0006765143
   10430.0 0.0006765439
   10440.0 0.0006765826
   10450.0 0.0006769839
   10460.0 0.0006774556
   10470.0 0.0006775376
   10480.0 0.0006776695
   10490.0 0.0006775938
   10500.0 0.0006765852
   10510.0 0.0006756218
   10520.0 0.0006754124
   10530.0 0.0006750473
   10540.0 0.0006746515
   10550.0 0.0006745714
   10560.0 0.0006743572
   10570.0 0.0006739649
   10580.0 0.0006738231
   10590.0 0.0006734580
   10600.0 0.0006729193
   10610.0 0.0006725720
   10620.0 0.0006723066
   10630.0 0.0006722988
   10640.0 0.0006724093
   10650.0 0.0006723043
   10660.0 0.0006724538
   10670.0 0.0006728718
   10680.0 0.0006731330
   10690.0 0.0006732307
   10700.0 0.0006734661
   10710.0 0.0006740458
   10720.0 0.0006744875
   10730.0 0.0006748086
   10740.0 0.0006751861
   10750.0 0.0006756570
   10760.0 0.0006759584
   10770.0 0.0006760958
   10780.0 0.0006765014
   10790.0 0.0006770045
   10800.0 0.0006770721
   10810.0 0.0006769963
   10820.0 0.0006769014
   10830.0 0.0006767968
   10840.0 0.0006766426
   10850.0 0.0006764611
   10860.0 0.0006760814
   10870.0 0.0006756092
   10880.0 0.0006750608
   10890.0 0.0006745129
   10900.0 0.0006741102
   10910.0 0.0006737076
   10920.0 0.0006732448
   10930.0 0.0006727622
   10940.0 0.0006723231
   10950.0 0.0006717054
   10960.0 0.0006714063
   10970.0 0.0006711923
   10980.0 0.0006710007
   10990.0 0.0006710172
   11000.0 0.0006710692
   11010.0 0.0006710335
   11020.0 0.0006711837
   11030.0 0.0006714611
   11040.0 0.0006715877
   11050.0 0.0006717988
   11060.0 0.0006721667
   11070.0 0.0006725772
   11080.0 0.0006730057
   11090.0 0.0006732040
   11100.0 0.0006734783
   11110.0 0.0006738021
   11120.0 0.0006741530
   11130.0 0.0006745273
   11140.0 0.0006749354
   11150.0 0.0006751687
   11160.0 0.0006753138
   11170.0 0.0006753987
   11180.0 0.0006754909
   11190.0 0.0006756555
   11200.0 0.0006758125
   11210.0 0.0006757574
   11220.0 0.0006758426
   11230.0 0.0006759203
   11240.0 0.0006758782
   11250.0 0.0006758660
   11260.0 0.0006757631
   11270.0 0.0006757577
   11280.0 0.0006757343
   11290.0 0.0006757275
   11300.0 0.0006756581
   11310.0 0.0006757059
   11320.0 0.0006756807
   11330.0 0.0006757684
   11340.0 0.0006756729
   11350.0 0.0006757320
   11360.0 0.0006759008
   11370.0 0.0006758232
   11380.0 0.0006758052
   11390.0 0.0006757709
   11400.0 0.0006756028
   11410.0 0.0006756412
   11420.0 0.0006758149
   11430.0 0.0006754695
   11440.0 0.0006754349
   11450.0 0.0006753415
   11460.0 0.0006751123
   11470.0 0.0006748252
   11480.0 0.0006744774
   11490.0 0.0006743355
   11500.0 0.0006740001
   11510.0 0.0006735620
   11520.0 0.0006729038
   11530.0 0.0006725453
   11540.0 0.0006721867
   11550.0 0.0006718190
   11560.0 0.0006714565
   11570.0 0.0006712092
   11580.0 0.0006707651
   11590.0 0.0006705496
   11600.0 0.0006703672
   11610.0 0.0006701621
   11620.0 0.0006701117
   11630.0 0.0006703276
   11640.0 0.0006703406
   11650.0 0.0006702897
   11660.0 0.0006700769
   11670.0 0.0006703528
   11680.0 0.0006706833
   11690.0 0.0006708153
   11700.0 0.0006711736
   11710.0 0.0006716207
   11720.0 0.0006720138
   11730.0 0.0006724174
   11740.0 0.0006729022
   11750.0 0.0006733327
   11760.0 0.0006738524
   11770.0 0.0006741614
   11780.0 0.0006745973
   11790.0 0.0006750451
   11800.0 0.0006753902
   11810.0 0.0006756569
   11820.0 0.0006758390
   11830.0 0.0006762376
   11840.0 0.0006764935
   11850.0 0.0006766664
   11860.0 0.0006770111
   11870.0 0.0006768715
   11880.0 0.0006768373
   11890.0 0.0006768364
   11900.0 0.0006767080
   11910.0 0.0006766715
   11920.0 0.0006765483
   11930.0 0.0006765369
   11940.0 0.0006764440
   11950.0 0.0006761884
   11960.0 0.0006758509
   11970.0 0.0006757764
   11980.0 0.0006756803
   11990.0 0.0006753753
   12000.0 0.0006753176
   12010.0 0.0006752770
   12020.0 0.0006751518
   12030.0 0.0006749675
   12040.0 0.0006748013
   12050.0 0.0006746810
   12060.0 0.0006746582
   12070.0 0.0006746698
   12080.0 0.0006746329
   12090.0 0.0006744669
   12100.0 0.0006745732
   12110.0 0.0006747459
   12120.0 0.0006747952
   12130.0 0.0006746999
   12140.0 0.0006745759
   12150.0 0.0006745661
   12160.0 0.0006744503
   12170.0 0.0006743434
   12180.0 0.0006742242
   12190.0 0.0006742537
   12200.0 0.0042114908
   12210.0 0.0225687132
   12220.0 0.0444476874
   12230.0 0.0663255742
   12240.0 0.0881942661
   12250.0 0.1100353792
   12260.0 0.1318424197
   12270.0 0.1536876756
   12280.0 0.1755395881
   12290.0 0.1973529460
   12300.0 0.2191623173
   12310.0 0.2409374469
   12320.0 0.2626537290
   12330.0 0.2843157906
   12340.0 0.3059635031
   12350.0 0.3276221229
   12360.0 0.3493416718
   12370.0 0.3710491384
   12380.0 0.3927697405
   12390.0 0.4145141336
   12400.0 0.4327511464
   12410.0 0.4365515246
   12420.0 0.4370498965
   12430.0 0.4375953705
   12440.0 0.4381419309
   12450.0 0.4387095199
   12460.0 0.4392497518
   12470.0 0.4398207358
   12480.0 0.4404699461
   12490.0 0.4410379269
   12500.0 0.4416360375
   12510.0 0.4422904223
   12520.0 0.4429517181
   12530.0 0.4436367746
   12540.0 0.4442821624
   12550.0 0.4448720244
   12560.0 0.4454478313
   12570.0 0.4461155665
   12580.0 0.4467588035
   12590.0 0.4474051902
   12600.0 0.4480629336
   12610.0 0.4488502344
   12620.0 0.4496656610
   12630.0 0.4504149819
   12640.0 0.4512475617
   12650.0 0.4520227930
   12660.0 0.4526813667
   12670.0 0.4532849471
   12680.0 0.4539700669
   12690.0 0.4545582144
   12700.0 0.4551978630
   12710.0 0.4559008344
   12720.0 0.4563597218
   12730.0 0.4568269392
   12740.0 0.4573247001
   12750.0 0.4579351202
   12760.0 0.4583722549
   12770.0 0.4588090196
   12780.0 0.4593487522
   12790.0 0.4598769160
   12800.0 0.4603408352
   12810.0 0.4609717828
   12820.0 0.4616167767
   12830.0 0.4624308765
   12840.0 0.4631976566
   12850.0 0.4637930351
   12860.0 0.4644832076
   12870.0 0.4651808928
   12880.0 0.4659337442
   12890.0 0.4668298456
   12900.0 0.4676402580
   12910.0 0.4683867635
   12920.0 0.4692139473
   12930.0 0.4700984572
   12940.0 0.4709294246
   12950.0 0.4718728789
   12960.0 0.4728073004
   12970.0 0.4736262151
   12980.0 0.4744343085
   12990.0 0.4754660934
   13000.0 0.4762448287
   13010.0 0.4762882048
   13020.0 0.4762319002
   13030.0 0.4761965209
   13040.0 0.4762223606
   13050.0 0.4760379573
   13060.0 0.4758113187
   13070.0 0.4757203518
   13080.0 0.4756895900
   13090.0 0.4757294386
   13100.0 0.4757502434
   13110.0 0.4757975600
   13120.0 0.4758683087
   13130.0 0.4757551045
   13140.0 0.4755531991
   13150.0 0.4755048183
   13160.0 0.4756351231
   13170.0 0.4757258135
   13180.0 0.4755869442
   13190.0 0.4753426427
   13200.0 0.4754023099
   13210.0 0.4755303438
   13220.0 0.4757370199
   13230.0 0.4757217311
   13240.0 0.4757554597
   13250.0 0.4758022026
   13260.0 0.4758446898
   13270.0 0.4759741020
   13280.0 0.4761089177
   13290.0 0.4761959614
   13300.0 0.4760723366
   13310.0 0.4761360545
   13320.0 0.4762799547
   13330.0 0.4762238589
   13340.0 0.4761604778
   13350.0 0.4761956043
   13360.0 0.4762048454
   13370.0 0.4761201273
   13380.0 0.4761731274
   13390.0 0.4762993370
   13400.0 0.4761764419
   13410.0 0.4762098068
   13420.0 0.4763775823
   13430.0 0.4767582024
   13440.0 0.4770439714
   13450.0 0.4770859097
   13460.0 0.4772354755
   13470.0 0.4774023001
   13480.0 0.4774264835
   13490.0 0.4773918861
   13500.0 0.4776156993
   13510.0 0.4778453251
   13520.0 0.4778575179
   13530.0 0.4778657756
   13540.0 0.4780922229
   13550.0 0.4780480966
   13560.0 0.4779307691
   13570.0 0.4778706895
   13580.0 0.4779496333
   13590.0 0.4781317402
   13600.0 0.4783337220
   13610.0 0.4781092157
   13620.0 0.4776127588
   13630.0 0.4773244699
   13640.0 0.4773255700
   13650.0 0.4773354402
   13660.0 0.4770345221
   13670.0 0.4767845636
   13680.0 0.4767270905
   13690.0 0.4763877158
   13700.0 0.4761000264
   13710.0 0.4761936820
   13720.0 0.4759902372
   13730.0 0.4758271724
   13740.0 0.4756961003
   13750.0 0.4755880600
   13760.0 0.4755921507
   13770.0 0.4757175051
   13780.0 0.4755823644
   13790.0 0.4753186649
   13800.0 0.4751997522
   13810.0 0.4751547453
   13820.0 0.4751898704
   13830.0 0.4754295001
   13840.0 0.4754710007
   13850.0 0.4753778898
   13860.0 0.4754367614
   13870.0 0.4755159685
   13880.0 0.4756128205
   13890.0 0.4756319311
   13900.0 0.4758543541
   13910.0 0.4759927230
   13920.0 0.4759498673
   13930.0 0.4761988825
   13940.0 0.4764046810
   13950.0 0.4763348228
   13960.0 0.4761912913
   13970.0 0.4761948130
   13980.0 0.4761058884
   13990.0 0.4763569225
   14000.0 0.4765515087
   14010.0 0.4767056681
   14020.0 0.4768229654
   14030.0 0.4769793043
   14040.0 0.4771380191
   14050.0 0.4772155141
   14060.0 0.4774160539
   14070.0 0.4775722839
   14080.0 0.4776951388
   14090.0 0.4776388460
   14100.0 0.4775337140
   14110.0 0.4777367263
   14120.0 0.4781663908
   14130.0 0.4782380941
   14140.0 0.4778281610
   14150.0 0.4782798970
   14160.0 0.4783656271
   14170.0 0.4781735928
   14180.0 0.4781234962
   14190.0 0.4782105059
   14200.0 0.4782835139
   14210.0 0.4784175442
   14220.0 0.4787126857
   14230.0 0.4790776024
   14240.0 0.4793098991
   14250.0 0.4795202706
   14260.0 0.4796755604
   14270.0 0.4796826130
   14280.0 0.4797898777
   14290.0 0.4801399767
   14300.0 0.4804622499
   14310.0 0.4805581042
   14320.0 0.4806983005
   14330.0 0.4810253423
   14340.0 0.4813723772
   14350.0 0.4817581072
   14360.0 0.4821115801
   14370.0 0.4824296045
   14380.0 0.4825912365
   14390.0 0.4827638157
   14400.0 0.4828743157
   14410.0 0.4828920019
   14420.0 0.4828322642
   14430.0 0.4827557857
   14440.0 0.4826429987
   14450.0 0.4824304517
   14460.0 0.4823779574
   14470.0 0.4825250883
   14480.0 0.4825568592
   14490.0 0.4825053448
   14500.0 0.4823781148
   14510.0 0.4821307330
   14520.0 0.4819988776
   14530.0 0.4818234041
   14540.0 0.4816950658
   14550.0 0.4817631216
   14560.0 0.4818196088
   14570.0 0.4816233183
   14580.0 0.4814027298
   14590.0 0.4812036235
   14600.0 0.4810283721
   14610.0 0.4810842781
   14620.0 0.4812153167
   14630.0 0.4812421548
   14640.0 0.4813689546
   14650.0 0.4814512482
   14660.0 0.4816222185
   14670.0 0.4817870743
   14680.0 0.4816896476
   14690.0 0.4816226726
   14700.0 0.4815184138
   14710.0 0.4814507134
   14720.0 0.4816840175
   14730.0 0.4818187060
   14740.0 0.4816833026
   14750.0 0.4815194224
   14760.0 0.4813719885
   14770.0 0.4815616983
   14780.0 0.4814605180
   14790.0 0.4814225113
   14800.0 0.4813914461
   14810.0 0.4813509453
   14820.0 0.4812748182
   14830.0 0.4811879217
   14840.0 0.4810058861
   14850.0 0.4808650457
   14860.0 0.4809145001
   14870.0 0.4809354607
   14880.0 0.4808457659
   14890.0 0.4808072637
   14900.0 0.4808051058
   14910.0 0.4808574965
   14920.0 0.4809486863
   14930.0 0.4809034146
   14940.0 0.4808460972
   14950.0 0.4808598993
   14960.0 0.4807351730
   14970.0 0.4807905761
   14980.0 0.4810682600
   14990.0 0.4809739212
   15000.0 0.4810954518
   15010.0 0.4812628871
   15020.0 0.4813356799
   15030.0 0.4816210602
   15040.0 0.4818723693
   15050.0 0.4819838833
   15060.0 0.4821289273
   15070.0 0.4821336890
   15080.0 0.4825361484
   15090.0 0.4827411816
   15100.0 0.4827373606
   15110.0 0.4830007748
   15120.0 0.4829299586
   15130.0 0.4831756853
   15140.0 0.4835694869
   15150.0 0.4835223719
   15160.0 0.4835378092
   15170.0 0.4837395542
   15180.0 0.4838548837
   15190.0 0.4838451402
   15200.0 0.4839012073
   15210.0 0.4841673296
   15220.0 0.4842759568
   15230.0 0.4841222885
   15240.0 0.4843618199
   15250.0 0.4844730841
   15260.0 0.4845528531
   15270.0 0.4844693314
   15280.0 0.4845966359
   15290.0 0.4846408567
   15300.0 0.4845480892
   15310.0 0.4842730524
   15320.0 0.4842607031
   15330.0 0.4841839649
   15340.0 0.4841513913
   15350.0 0.4844038451
   15360.0 0.4842999751
   15370.0 0.4839405559
   15380.0 0.4840890163
   15390.0 0.4843129186
   15400.0 0.4839476646
   15410.0 0.4834134559
   15420.0 0.4830920453
   15430.0 0.4830587522
   15440.0 0.4827449390
   15450.0 0.4822128418
   15460.0 0.4819350754
   15470.0 0.4814531587
   15480.0 0.4810178179
   15490.0 0.4809121480
   15500.0 0.4804884717
   15510.0 0.4801843256
   15520.0 0.4801431915
   15530.0 0.4798812650
   15540.0 0.4796904295
   15550.0 0.4796002028
   15560.0 0.4793469152
   15570.0 0.4790926759
   15580.0 0.4788753853
   15590.0 0.4789180169
   15600.0 0.4788854849
   15610.0 0.4786262519
   15620.0 0.4786075019
   15630.0 0.4789273981
   15640.0 0.4789614451
   15650.0 0.4789480113
   15660.0 0.4789827255
   15670.0 0.4789814769
   15680.0 0.4792499364
   15690.0 0.4795163754
   15700.0 0.4795093281
   15710.0 0.4797551266
   15720.0 0.4800628382
   15730.0 0.4801503482
   15740.0 0.4799650980
   15750.0 0.4800402752
   15760.0 0.4807393161
   15770.0 0.4812635100
   15780.0 0.4814844286
   15790.0 0.4814898855
   15800.0 0.4812393357
   15810.0 0.4813639791
   15820.0 0.4816658921
   15830.0 0.4817054470
   15840.0 0.4817299417
   15850.0 0.4818435905
   15860.0 0.4821467144
   15870.0 0.4823050287
   15880.0 0.4824470610
   15890.0 0.4822922258
   15900.0 0.4820452059
   15910.0 0.4820628355
   15920.0 0.4821053200
   15930.0 0.4819909422
   15940.0 0.4821439215
   15950.0 0.4823338782
   15960.0 0.4823996367
   15970.0 0.4822205100
   15980.0 0.4821432088
   15990.0 0.4820171293
   16000.0 0.4818165071
   16010.0 0.4819305482
   16020.0 0.4821714745
   16030.0 0.4819017171
   16040.0 0.4814310554
   16050.0 0.4811480865
   16060.0 0.4811977216
   16070.0 0.4811899668
   16080.0 0.4809531502
   16090.0 0.4806239269
   16100.0 0.4803799358
   16110.0 0.4802028048
   16120.0 0.4801938616
   16130.0 0.4801291947
   16140.0 0.4800823918
   16150.0 0.4798618446
   16160.0 0.4795919410
   16170.0 0.4793681357
   16180.0 0.4790296130
   16190.0 0.4787366744
   16200.0 0.4786892571
   16210.0 0.4785203872
   16220.0 0.4784792954
   16230.0 0.4783111765
   16240.0 0.4780601777
   16250.0 0.4777016111
   16260.0 0.4772152589
   16270.0 0.4771384614
   16280.0 0.4771618695
   16290.0 0.4772237387
   16300.0 0.4769917381
   16310.0 0.4767463449
   16320.0 0.4765599598
   16330.0 0.4760733757
   16340.0 0.4760011856
   16350.0 0.4761425601
   16360.0 0.4763405195
   16370.0 0.4760817650
   16380.0 0.4756766044
   16390.0 0.4757949372
   16400.0 0.4756999686
   16410.0 0.4756449425
   16420.0 0.4756589410
   16430.0 0.4756633691
   16440.0 0.4752968074
   16450.0 0.4753262844
   16460.0 0.4753834067
   16470.0 0.4751756117
   16480.0 0.4751314850
   16490.0 0.4749807862
   16500.0 0.4748369054
   16510.0 0.4748446243
   16520.0 0.4751696777
   16530.0 0.4754109238
   16540.0 0.4753469475
   16550.0 0.4751184265
   16560.0 0.4747889669
   16570.0 0.4747822725
   16580.0 0.4746734692
   16590.0 0.4745568957
   16600.0 0.4749912876
   16610.0 0.4747039248
   16620.0 0.4742681555
   16630.0 0.4740673170
   16640.0 0.4743710967
   16650.0 0.4742902633
   16660.0 0.4741196583
   16670.0 0.4737707870
   16680.0 0.4733474522
   16690.0 0.4733935439
   16700.0 0.4732889150
   16710.0 0.4732199925
   16720.0 0.4730768255
   16730.0 0.4727851073
   16740.0 0.4724319626
   16750.0 0.4720812387
   16760.0 0.4717885892
   16770.0 0.4715073806
   16780.0 0.4712798480
   16790.0 0.4715295586
   16800.0 0.4716582834
   16810.0 0.4711620594
   16820.0 0.4705001295
   16830.0 0.4698717344
   16840.0 0.4695463590
   16850.0 0.4691973387
   16860.0 0.4684362147
   16870.0 0.4680607035
   16880.0 0.4682334010
   16890.0 0.4677889926
   16900.0 0.4672864942
   16910.0 0.4671031419
   16920.0 0.4669885071
   16930.0 0.4665299671
   16940.0 0.4658134704
   16950.0 0.4652895247
   16960.0 0.4655165061
   16970.0 0.4651054959
   16980.0 0.4645970247
   16990.0 0.4644129292
   17000.0 0.4641729382
   17010.0 0.4638854739
   17020.0 0.4636227928
   17030.0 0.4631249169
   17040.0 0.4627242722
   17050.0 0.4623411105
   17060.0 0.4617188573
   17070.0 0.4615322914
   17080.0 0.4616739229
   17090.0 0.4613982066
   17100.0 0.4610375728
   17110.0 0.4609910493
   17120.0 0.4606610961
   17130.0 0.4600978449
   17140.0 0.4599329442
   17150.0 0.4597647883
   17160.0 0.4594707979
   17170.0 0.4594754397
   17180.0 0.4593071426
   17190.0 0.4587491355
   17200.0 0.4583240734
   17210.0 0.4584734521
   17220.0 0.4587295943
   17230.0 0.4585143903
   17240.0 0.4583267807
   17250.0 0.4582301595
   17260.0 0.4581064566
   17270.0 0.4578519266
   17280.0 0.4576382102
   17290.0 0.4579545519
   17300.0 0.4578792866
   17310.0 0.4573592927
   17320.0 0.4571181828
   17330.0 0.4571066532
   17340.0 0.4573751273
   17350.0 0.4572849620
   17360.0 0.4570627717
   17370.0 0.4567364073
   17380.0 0.4565008710
   17390.0 0.4566289816
   17400.0 0.4566385863
   17410.0 0.4566049240
   17420.0 0.4565143157
   17430.0 0.4564456174
   17440.0 0.4563004217
   17450.0 0.4559878732
   17460.0 0.4558249705
   17470.0 0.4555850817
   17480.0 0.4558044890
   17490.0 0.4555919137
   17500.0 0.4554706365
   17510.0 0.4552796692
   17520.0 0.4552293279
   17530.0 0.4550272469
   17540.0 0.4547584259
   17550.0 0.4543884186
   17560.0 0.4542789318
   17570.0 0.4541418417
   17580.0 0.4539819031
   17590.0 0.4535302546
   17600.0 0.4534159117
   17610.0 0.4534383059
   17620.0 0.4533927808
   17630.0 0.4532179610
   17640.0 0.4530789517
   17650.0 0.4532074101
   17660.0 0.4530407456
   17670.0 0.4527791494
   17680.0 0.4526112047
   17690.0 0.4524526320
   17700.0 0.4523173632
   17710.0 0.4523251725
   17720.0 0.4520796815
   17730.0 0.4516857436
   17740.0 0.4515916218
   17750.0 0.4514515682
   17760.0 0.4512407278
   17770.0 0.4511572704
   17780.0 0.4514031329
   17790.0 0.4513574365
   17800.0 0.4510911074
   17810.0 0.4506336583
   17820.0 0.4502146726
   17830.0 0.4498114889
   17840.0 0.4494906422
   17850.0 0.4489920167
   17860.0 0.4488014301
   17870.0 0.4488120369
   17880.0 0.4486272785
   17890.0 0.4482403071
   17900.0 0.4480726320
   17910.0 0.4481537122
   17920.0 0.4480058710
   17930.0 0.4474559421
   17940.0 0.4470153753
   17950.0 0.4467198587
   17960.0 0.4464990070
   17970.0 0.4462687805
   17980.0 0.4456658943
   17990.0 0.4455165718
   18000.0 0.4457383218
   18010.0 0.4453270120
   18020.0 0.4448976068
   18030.0 0.4445745527
   18040.0 0.4443329910
   18050.0 0.4439786723
   18060.0 0.4436435642
   18070.0 0.4430924889
   18080.0 0.4425408691
   18090.0 0.4423778236
   18100.0 0.4421373224
   18110.0 0.4418557342
   18120.0 0.4415564018
   18130.0 0.4413173115
   18140.0 0.4412771774
   18150.0 0.4413114210
   18160.0 0.4405473757
   18170.0 0.4400616660
   18180.0 0.4396014043
   18190.0 0.4393996883
   18200.0 0.4390531230
   18210.0 0.4395016073
   18220.0 0.4394074980
   18230.0 0.4387866938
   18240.0 0.4381144464
   18250.0 0.4382262105
   18260.0 0.4381197370
   18270.0 0.4377722011
   18280.0 0.4369753700
   18290.0 0.4365879057
   18300.0 0.4364663527
   18310.0 0.4365015572
   18320.0 0.4363328621
   18330.0 0.4363855460
   18340.0 0.4360015493
   18350.0 0.4352813861
   18360.0 0.4348986831
   18370.0 0.4354533218
   18380.0 0.4353489059
   18390.0 0.4352788133
   18400.0 0.4345922548
   18410.0 0.4345478684
   18420.0 0.4346204839
   18430.0 0.4340879357
   18440.0 0.4329964437
   18450.0 0.4326797671
   18460.0 0.4321780850
   18470.0 0.4317857146
   18480.0 0.4320048920
   18490.0 0.4319809526
   18500.0 0.4317598784
   18510.0 0.4312307639
   18520.0 0.4310471427
   18530.0 0.4306620620
   18540.0 0.4301001752
   18550.0 0.4300782968
   18560.0 0.4292410800
   18570.0 0.4290537072
   18580.0 0.4287259908
   18590.0 0.4285658086
   18600.0 0.4248907657
   18610.0 0.4069015362
   18620.0 0.3855748394
   18630.0 0.3640316715
   18640.0 0.3428074880
   18650.0 0.3214447545
   18660.0 0.2994280150
   18670.0 0.2775578338
   18680.0 0.2566263736
   18690.0 0.2352176486
   18700.0 0.2138405834
   18710.0 0.1927505805
   18720.0 0.1714621357
   18730.0 0.1500080939
   18740.0 0.1286408347
   18750.0 0.1072171017
   18760.0 0.0858597367
   18770.0 0.0645837414
   18780.0 0.0432386756
   18790.0 0.0219228525
   18800.0 0.0040682305
   18810.0 0.0006308391
   18820.0 0.0006305180
   18830.0 0.0006299868
   18840.0 0.0006302753
   18850.0 0.0006310116
   18860.0 0.0006307998
   18870.0 0.0006299984
   18880.0 0.0006301052
   18890.0 0.0006295044
   18900.0 0.0006294819
   18910.0 0.0006308505
   18920.0 0.0006314586
   18930.0 0.0006301566
   18940.0 0.0006293353
   18950.0 0.0006294657
   18960.0 0.0006299932
   18970.0 0.0006298911
   18980.0 0.0006296237
   18990.0 0.0006293676
   19000.0 0.0006296845
   19010.0 0.0006290199
   19020.0 0.0006291190
   19030.0 0.0006282377
   19040.0 0.0006275098
   19050.0 0.0006272660
   19060.0 0.0006282574
   19070.0 0.0006283174
   19080.0 0.0006275329
   19090.0 0.0006260605
   19100.0 0.0006254672
   19110.0 0.0006249380
   19120.0 0.0006242037
   19130.0 0.0006242877
   19140.0 0.0006248307
   19150.0 0.0006246796
   19160.0 0.0006232010
   19170.0 0.0006221515
   19180.0 0.0006222289
   19190.0 0.0006214888
   19200.0 0.0006208713
   19210.0 0.0006212233
   19220.0 0.0006208011
   19230.0 0.0006201915
   19240.0 0.0006203828
   19250.0 0.0006194786
   19260.0 0.0006182553
   19270.0 0.0006187534
   19280.0 0.0006191303
   19290.0 0.0006187471
   19300.0 0.0006180145
   19310.0 0.0006170919
   19320.0 0.0006161541
   19330.0 0.0006155335
   19340.0 0.0006151766
   19350.0 0.0006148714
   19360.0 0.0006147057
   19370.0 0.0006141095
   19380.0 0.0006132057
   19390.0 0.0006126738
   19400.0 0.0006125011
   19410.0 0.0006118299
   19420.0 0.0006111738
   19430.0 0.0006106271
   19440.0 0.0006100019
   19450.0 0.0006094409
   19460.0 0.0006089737
   19470.0 0.0006090700
   19480.0 0.0006090395
   19490.0 0.0006084838
   19500.0 0.0006074299
   19510.0 0.0006066627
   19520.0 0.0006059671
   19530.0 0.0006052985
   19540.0 0.0006050098
   19550.0 0.0006048229
   19560.0 0.0006042095
   19570.0 0.0006038802
   19580.0 0.0006034420
   19590.0 0.0006025835
   19600.0 0.0006019206
   19610.0 0.0006012354
   19620.0 0.0006006203
   19630.0 0.0006002627
   19640.0 0.0006003446
   19650.0 0.0006002573
   19660.0 0.0005994542
   19670.0 0.0005986409
   19680.0 0.0005981076
   19690.0 0.0005976432
   19700.0 0.0005974463
   19710.0 0.0005971170
   19720.0 0.0005966356
   19730.0 0.0005961951
   19740.0 0.0005958324
   19750.0 0.0005950126
   19760.0 0.0005939629
   19770.0 0.0005931559
   19780.0 0.0005929296
   19790.0 0.0005927100
   19800.0 0.0005926460
   19810.0 0.0005918777
   19820.0 0.0005911815
   19830.0 0.0005908079
   19840.0 0.0005901374
   19850.0 0.0005897679
   19860.0 0.0005895060
   19870.0 0.0005889310
   19880.0 0.0005883401
   19890.0 0.0005879257
   19900.0 0.0005878107
   19910.0 0.0005875628
   19920.0 0.0005866163
   19930.0 0.0005856921
   19940.0 0.0005858501
   19950.0 0.0005855350
   19960.0 0.0005848526
   19970.0 0.0005844546
   19980.0 0.0005839971
   19990.0 0.0005835926
